32, 32, 41
17, 33, 41
18, 33, 41
19, 33, 41
20, 33, 41
21, 33, 41
28, 33, 41
29, 33, 41
30, 33, 41
16, 32, 41
33, 31, 41
31, 33, 41
32, 33, 41
18, 34, 41
19, 34, 41
16, 31, 41
34, 30, 41
20, 34, 41
21, 34, 41
22, 34, 41
23, 34, 41
15, 30, 41
34, 29, 41
24, 34, 41
25, 34, 41
15, 29, 41
34, 28, 41
26, 34, 41
27, 34, 41
15, 28, 41
34, 27, 41
28, 34, 41
14, 27, 41
35, 26, 41
29, 34, 41
4, 0, 42
14, 26, 41
35, 25, 41
5, 0, 42
6, 0, 42
14, 25, 41
35, 24, 41
7, 0, 42
8, 0, 42
14, 24, 41
35, 23, 41
9, 0, 42
13, 23, 41
36, 22, 41
10, 0, 42
11, 0, 42
13, 22, 41
36, 21, 41
12, 0, 42
13, 0, 42
13, 21, 41
36, 20, 41
36, 0, 42
13, 20, 41
44, 19, 41
43, 19, 41
42, 19, 41
41, 19, 41
40, 19, 41
39, 19, 41
38, 19, 41
37, 19, 41
37, 0, 42
38, 0, 42
12, 19, 41
11, 19, 41
10, 19, 41
9, 19, 41
8, 19, 41
7, 19, 41
6, 19, 41
5, 19, 41
45, 18, 41
39, 0, 42
40, 0, 42
41, 0, 42
42, 0, 42
43, 0, 42
44, 0, 42
45, 0, 42
4, 18, 41
45, 17, 41
4, 1, 42
13, 1, 42
36, 1, 42
45, 1, 42
4, 2, 42
3, 17, 41
46, 16, 41
13, 2, 42
36, 2, 42
45, 2, 42
4, 3, 42
3, 16, 41
46, 15, 41
13, 3, 42
36, 3, 42
45, 3, 42
4, 4, 42
3, 15, 41
46, 14, 41
13, 4, 42
16, 4, 42
3, 14, 41
46, 13, 41
17, 4, 42
18, 4, 42
19, 4, 42
2, 13, 41
47, 12, 41
20, 4, 42
21, 4, 42
22, 4, 42
23, 4, 42
2, 12, 41
47, 11, 41
24, 4, 42
25, 4, 42
26, 4, 42
27, 4, 42
2, 11, 41
47, 10, 41
28, 4, 42
29, 4, 42
30, 4, 42
31, 4, 42
2, 10, 41
46, 9, 41
32, 4, 42
33, 4, 42
36, 4, 42
45, 4, 42
3, 9, 41
46, 8, 41
4, 5, 42
14, 5, 42
15, 5, 42
34, 5, 42
35, 5, 42
45, 5, 42
3, 8, 41
46, 7, 41
4, 6, 42
45, 6, 42
4, 7, 42
45, 7, 42
3, 8, 42
46, 8, 42
3, 9, 42
3, 7, 41
46, 6, 41
46, 9, 42
2, 10, 42
46, 10, 42
3, 11, 42
46, 11, 42
3, 12, 42
46, 12, 42
3, 13, 42
46, 13, 42
3, 6, 41
45, 5, 41
3, 14, 42
46, 14, 42
34, 5, 41
33, 5, 41
3, 15, 42
46, 15, 42
3, 16, 42
46, 16, 42
4, 17, 42
45, 17, 42
4, 18, 42
5, 18, 42
44, 18, 42
6, 19, 42
7, 19, 42
8, 19, 42
9, 19, 42
10, 19, 42
11, 19, 42
12, 19, 42
37, 19, 42
15, 5, 41
38, 19, 42
39, 19, 42
40, 19, 42
3, 5, 41
45, 4, 41
41, 19, 42
35, 4, 41
32, 4, 41
31, 4, 41
30, 4, 41
29, 4, 41
28, 4, 41
27, 4, 41
26, 4, 41
25, 4, 41
24, 4, 41
23, 4, 41
22, 4, 41
21, 4, 41
20, 4, 41
19, 4, 41
18, 4, 41
17, 4, 41
16, 4, 41
14, 4, 41
42, 19, 42
4, 4, 41
45, 3, 41
43, 19, 42
35, 3, 41
14, 3, 41
13, 20, 42
4, 3, 41
45, 2, 41
36, 20, 42
35, 2, 41
14, 2, 41
13, 21, 42
4, 2, 41
45, 1, 41
36, 21, 42
35, 1, 41
14, 1, 41
13, 22, 42
4, 1, 41
45, 0, 41
44, 0, 41
43, 0, 41
42, 0, 41
41, 0, 41
40, 0, 41
39, 0, 41
38, 0, 41
37, 0, 41
36, 0, 41
35, 0, 41
14, 0, 41
13, 0, 41
12, 0, 41
11, 0, 41
10, 0, 41
9, 0, 41
8, 0, 41
7, 0, 41
6, 0, 41
5, 0, 41
4, 0, 41
30, 35, 40
29, 35, 40
28, 35, 40
27, 35, 40
26, 35, 40
25, 35, 40
24, 35, 40
23, 35, 40
22, 35, 40
21, 35, 40
20, 35, 40
19, 35, 40
18, 35, 40
32, 34, 40
31, 34, 40
30, 34, 40
36, 22, 42
14, 23, 42
35, 23, 42
14, 24, 42
35, 24, 42
14, 25, 42
35, 25, 42
14, 26, 42
35, 26, 42
15, 27, 42
34, 27, 42
15, 28, 42
17, 34, 40
33, 33, 40
34, 28, 42
15, 29, 42
34, 29, 42
16, 30, 42
33, 30, 42
16, 31, 42
32, 31, 42
17, 32, 42
18, 32, 42
19, 32, 42
20, 32, 42
21, 32, 42
22, 32, 42
23, 32, 42
24, 32, 42
25, 32, 42
16, 33, 40
33, 32, 40
26, 32, 42
27, 32, 42
28, 32, 42
29, 32, 42
16, 32, 40
33, 31, 40
30, 32, 42
31, 32, 42
32, 32, 42
15, 31, 40
34, 30, 40
22, 33, 42
23, 33, 42
15, 30, 40
34, 29, 40
24, 33, 42
25, 33, 42
15, 29, 40
34, 28, 40
26, 33, 42
15, 28, 40
35, 27, 40
27, 33, 42
4, 0, 43
14, 27, 40
35, 26, 40
5, 0, 43
6, 0, 43
14, 26, 40
35, 25, 40
7, 0, 43
8, 0, 43
14, 25, 40
35, 24, 40
9, 0, 43
14, 24, 40
36, 23, 40
10, 0, 43
11, 0, 43
13, 23, 40
36, 22, 40
12, 0, 43
13, 0, 43
13, 22, 40
36, 21, 40
36, 0, 43
37, 0, 43
13, 21, 40
36, 20, 40
13, 20, 40
44, 19, 40
43, 19, 40
42, 19, 40
41, 19, 40
40, 19, 40
39, 19, 40
38, 19, 40
37, 19, 40
38, 0, 43
39, 0, 43
12, 19, 40
11, 19, 40
10, 19, 40
9, 19, 40
8, 19, 40
7, 19, 40
6, 19, 40
5, 19, 40
45, 18, 40
40, 0, 43
41, 0, 43
42, 0, 43
43, 0, 43
44, 0, 43
4, 1, 43
4, 18, 40
45, 17, 40
13, 1, 43
36, 1, 43
44, 1, 43
5, 2, 43
13, 2, 43
3, 17, 40
46, 16, 40
36, 2, 43
44, 2, 43
5, 3, 43
7, 3, 43
3, 16, 40
46, 15, 40
13, 3, 43
17, 3, 43
31, 3, 43
32, 3, 43
3, 15, 40
46, 14, 40
36, 3, 43
42, 3, 43
44, 3, 43
2, 14, 40
47, 13, 40
5, 4, 43
6, 4, 43
7, 4, 43
11, 4, 43
2, 13, 40
47, 12, 40
13, 4, 43
15, 4, 43
16, 4, 43
2, 12, 40
47, 11, 40
18, 4, 43
19, 4, 43
2, 11, 40
47, 10, 40
20, 4, 43
21, 4, 43
22, 4, 43
2, 10, 40
46, 9, 40
23, 4, 43
24, 4, 43
25, 4, 43
2, 9, 40
46, 8, 40
26, 4, 43
27, 4, 43
28, 4, 43
3, 8, 40
46, 7, 40
29, 4, 43
30, 4, 43
33, 4, 43
34, 4, 43
3, 7, 40
46, 6, 40
36, 4, 43
38, 4, 43
42, 4, 43
43, 4, 43
44, 4, 43
5, 5, 43
6, 5, 43
7, 5, 43
11, 5, 43
12, 5, 43
14, 5, 43
35, 5, 43
36, 5, 43
37, 5, 43
38, 5, 43
42, 5, 43
43, 5, 43
44, 5, 43
4, 6, 43
5, 6, 43
6, 6, 43
7, 6, 43
3, 6, 40
46, 5, 40
11, 6, 43
12, 6, 43
34, 5, 40
33, 5, 40
37, 6, 43
31, 5, 40
30, 5, 40
29, 5, 40
28, 5, 40
27, 5, 40
26, 5, 40
25, 5, 40
24, 5, 40
23, 5, 40
22, 5, 40
21, 5, 40
20, 5, 40
19, 5, 40
38, 6, 43
42, 6, 43
16, 5, 40
15, 5, 40
43, 6, 43
3, 5, 40
46, 4, 40
44, 6, 43
35, 4, 40
32, 4, 40
18, 4, 40
17, 4, 40
14, 4, 40
4, 7, 43
3, 4, 40
46, 3, 40
5, 7, 43
35, 3, 40
14, 3, 40
6, 7, 43
3, 3, 40
46, 2, 40
11, 7, 43
35, 2, 40
14, 2, 40
43, 7, 43
3, 2, 40
45, 1, 40
35, 1, 40
14, 1, 40
44, 7, 43
3, 1, 40
45, 0, 40
44, 0, 40
43, 0, 40
42, 0, 40
41, 0, 40
40, 0, 40
39, 0, 40
38, 0, 40
37, 0, 40
36, 0, 40
35, 0, 40
14, 0, 40
13, 0, 40
12, 0, 40
11, 0, 40
10, 0, 40
9, 0, 40
8, 0, 40
7, 0, 40
6, 0, 40
5, 0, 40
4, 0, 40
3, 0, 40
31, 36, 39
30, 36, 39
29, 36, 39
28, 36, 39
27, 36, 39
26, 36, 39
25, 36, 39
24, 36, 39
23, 36, 39
22, 36, 39
21, 36, 39
20, 36, 39
19, 36, 39
18, 36, 39
32, 35, 39
31, 35, 39
45, 7, 43
4, 8, 43
45, 8, 43
3, 9, 43
46, 9, 43
3, 10, 43
46, 10, 43
3, 11, 43
46, 11, 43
3, 12, 43
46, 12, 43
3, 13, 43
46, 13, 43
17, 35, 39
32, 34, 39
3, 14, 43
46, 14, 43
3, 15, 43
46, 15, 43
3, 16, 43
45, 16, 43
4, 17, 43
45, 17, 43
5, 18, 43
12, 18, 43
37, 18, 43
44, 18, 43
6, 19, 43
7, 19, 43
8, 19, 43
16, 34, 39
33, 33, 39
9, 19, 43
10, 19, 43
11, 19, 43
13, 19, 43
16, 33, 39
33, 32, 39
36, 19, 43
38, 19, 43
16, 32, 39
34, 31, 39
39, 19, 43
40, 19, 43
15, 31, 39
34, 30, 39
41, 19, 43
42, 19, 43
15, 30, 39
34, 29, 39
43, 19, 43
13, 20, 43
15, 29, 39
34, 28, 39
36, 20, 43
14, 28, 39
35, 27, 39
13, 21, 43
36, 21, 43
14, 27, 39
35, 26, 39
13, 22, 43
35, 22, 43
14, 26, 39
35, 25, 39
14, 23, 43
14, 25, 39
36, 24, 39
35, 23, 43
14, 24, 43
35, 24, 43
13, 24, 39
36, 23, 39
14, 25, 43
35, 25, 43
15, 26, 43
13, 23, 39
36, 22, 39
34, 26, 43
15, 27, 43
13, 22, 39
36, 21, 39
34, 27, 43
13, 21, 39
36, 20, 39
15, 28, 43
12, 20, 39
44, 19, 39
43, 19, 39
42, 19, 39
41, 19, 39
40, 19, 39
39, 19, 39
38, 19, 39
37, 19, 39
34, 28, 43
16, 29, 43
33, 29, 43
11, 19, 39
10, 19, 39
9, 19, 39
8, 19, 39
7, 19, 39
6, 19, 39
5, 19, 39
45, 18, 39
16, 30, 43
32, 30, 43
17, 31, 43
18, 31, 43
19, 31, 43
20, 31, 43
21, 31, 43
4, 18, 39
45, 17, 39
22, 31, 43
23, 31, 43
24, 31, 43
25, 31, 43
4, 17, 39
46, 16, 39
26, 31, 43
27, 31, 43
28, 31, 43
29, 31, 43
3, 16, 39
46, 15, 39
30, 31, 43
31, 31, 43
32, 31, 43
5, 0, 44
3, 15, 39
46, 14, 39
6, 0, 44
7, 0, 44
8, 0, 44
2, 14, 39
47, 13, 39
9, 0, 44
10, 0, 44
11, 0, 44
12, 0, 44
2, 13, 39
47, 12, 39
13, 0, 44
36, 0, 44
37, 0, 44
2, 12, 39
47, 11, 39
38, 0, 44
39, 0, 44
2, 11, 39
47, 10, 39
40, 0, 44
41, 0, 44
42, 0, 44
2, 10, 39
47, 9, 39
43, 0, 44
44, 0, 44
5, 1, 44
6, 1, 44
2, 9, 39
46, 8, 39
7, 1, 44
10, 1, 44
11, 1, 44
2, 8, 39
46, 7, 39
13, 1, 44
36, 1, 44
38, 1, 44
39, 1, 44
42, 1, 44
44, 1, 44
5, 2, 44
6, 2, 44
7, 2, 44
10, 2, 44
11, 2, 44
12, 2, 44
37, 2, 44
38, 2, 44
39, 2, 44
42, 2, 44
43, 2, 44
3, 7, 39
46, 6, 39
44, 2, 44
5, 3, 44
6, 3, 44
8, 3, 44
10, 3, 44
11, 3, 44
12, 3, 44
17, 3, 44
18, 3, 44
19, 3, 44
20, 3, 44
21, 3, 44
22, 3, 44
23, 3, 44
24, 3, 44
25, 3, 44
26, 3, 44
27, 3, 44
28, 3, 44
29, 3, 44
15, 6, 39
30, 3, 44
3, 6, 39
46, 5, 39
31, 3, 44
32, 3, 44
33, 5, 39
32, 5, 39
31, 5, 39
30, 5, 39
29, 5, 39
28, 5, 39
27, 5, 39
26, 5, 39
25, 5, 39
24, 5, 39
23, 5, 39
22, 5, 39
21, 5, 39
20, 5, 39
19, 5, 39
18, 5, 39
17, 5, 39
16, 5, 39
14, 5, 39
3, 5, 39
46, 4, 39
37, 3, 44
34, 4, 39
14, 4, 39
3, 4, 39
46, 3, 39
35, 3, 39
14, 3, 39
3, 3, 39
46, 2, 39
38, 3, 44
35, 2, 39
14, 2, 39
3, 2, 39
46, 1, 39
39, 3, 44
35, 1, 39
14, 1, 39
3, 1, 39
46, 0, 39
45, 0, 39
44, 0, 39
43, 0, 39
42, 0, 39
41, 0, 39
40, 0, 39
39, 0, 39
38, 0, 39
37, 0, 39
36, 0, 39
35, 0, 39
14, 0, 39
13, 0, 39
12, 0, 39
11, 0, 39
10, 0, 39
9, 0, 39
8, 0, 39
7, 0, 39
6, 0, 39
5, 0, 39
4, 0, 39
3, 0, 39
30, 37, 38
29, 37, 38
28, 37, 38
27, 37, 38
26, 37, 38
25, 37, 38
24, 37, 38
23, 37, 38
22, 37, 38
21, 37, 38
20, 37, 38
19, 37, 38
31, 36, 38
41, 3, 44
43, 3, 44
44, 3, 44
5, 4, 44
8, 4, 44
10, 4, 44
12, 4, 44
14, 4, 44
15, 4, 44
16, 4, 44
33, 4, 44
34, 4, 44
18, 36, 38
17, 36, 38
32, 35, 38
35, 4, 44
37, 4, 44
39, 4, 44
41, 4, 44
44, 4, 44
8, 5, 44
10, 5, 44
13, 5, 44
35, 5, 44
39, 5, 44
41, 5, 44
8, 6, 44
9, 6, 44
10, 6, 44
17, 35, 38
33, 34, 38
13, 6, 44
36, 6, 44
39, 6, 44
40, 6, 44
16, 34, 38
33, 33, 38
41, 6, 44
7, 7, 44
16, 33, 38
33, 32, 38
8, 7, 44
15, 32, 38
34, 31, 38
10, 7, 44
12, 7, 44
15, 31, 38
34, 30, 38
37, 7, 44
38, 7, 44
15, 30, 38
34, 29, 38
39, 7, 44
15, 29, 38
35, 28, 38
41, 7, 44
42, 7, 44
14, 28, 38
35, 27, 38
5, 8, 44
6, 8, 44
14, 27, 38
35, 26, 38
11, 8, 44
43, 8, 44
14, 26, 38
38, 25, 38
37, 25, 38
36, 25, 38
44, 8, 44
4, 9, 44
45, 9, 44
13, 25, 38
12, 25, 38
11, 25, 38
10, 25, 38
40, 24, 38
39, 24, 38
38, 24, 38
37, 24, 38
3, 10, 44
45, 10, 44
3, 11, 44
46, 11, 44
12, 24, 38
11, 24, 38
10, 24, 38
9, 24, 38
40, 23, 38
39, 23, 38
38, 23, 38
37, 23, 38
3, 12, 44
46, 12, 44
3, 13, 44
46, 13, 44
12, 23, 38
11, 23, 38
10, 23, 38
9, 23, 38
37, 22, 38
3, 14, 44
46, 14, 44
3, 15, 44
45, 15, 44
4, 16, 44
12, 22, 38
36, 21, 38
13, 21, 38
37, 20, 38
45, 16, 44
4, 17, 44
12, 20, 38
43, 19, 38
42, 19, 38
41, 19, 38
40, 19, 38
39, 19, 38
38, 19, 38
45, 17, 44
5, 18, 44
6, 18, 44
7, 18, 44
11, 19, 38
10, 19, 38
9, 19, 38
8, 19, 38
7, 19, 38
6, 19, 38
45, 18, 38
44, 18, 38
10, 18, 44
11, 18, 44
12, 18, 44
37, 18, 44
38, 18, 44
39, 18, 44
42, 18, 44
43, 18, 44
5, 18, 38
4, 18, 38
45, 17, 38
44, 18, 44
8, 19, 44
9, 19, 44
13, 19, 44
36, 19, 44
4, 17, 38
46, 16, 38
40, 19, 44
41, 19, 44
13, 20, 44
36, 20, 44
13, 21, 44
3, 16, 38
46, 15, 38
35, 21, 44
14, 22, 44
35, 22, 44
14, 23, 44
3, 15, 38
46, 14, 38
35, 23, 44
14, 24, 44
35, 24, 44
14, 25, 44
3, 14, 38
46, 13, 38
34, 25, 44
15, 26, 44
34, 26, 44
2, 13, 38
47, 12, 38
15, 27, 44
34, 27, 44
16, 28, 44
33, 28, 44
2, 12, 38
47, 11, 38
16, 29, 44
17, 29, 44
27, 29, 44
2, 11, 38
47, 10, 38
31, 29, 44
32, 29, 44
2, 10, 38
47, 9, 38
17, 30, 44
18, 30, 44
19, 30, 44
2, 9, 38
47, 8, 38
20, 30, 44
21, 30, 44
22, 30, 44
23, 30, 44
24, 30, 44
25, 30, 44
26, 30, 44
27, 30, 44
28, 30, 44
29, 30, 44
2, 8, 38
46, 7, 38
30, 30, 44
31, 30, 44
32, 30, 44
5, 0, 45
6, 0, 45
8, 0, 45
9, 0, 45
12, 0, 45
37, 0, 45
39, 0, 45
40, 0, 45
41, 0, 45
43, 0, 45
44, 0, 45
5, 1, 45
8, 1, 45
9, 1, 45
12, 1, 45
37, 1, 45
40, 1, 45
41, 1, 45
2, 7, 38
46, 6, 38
43, 1, 45
33, 6, 38
32, 6, 38
31, 6, 38
30, 6, 38
29, 6, 38
28, 6, 38
27, 6, 38
26, 6, 38
25, 6, 38
24, 6, 38
23, 6, 38
22, 6, 38
21, 6, 38
20, 6, 38
19, 6, 38
18, 6, 38
17, 6, 38
16, 6, 38
44, 1, 45
3, 6, 38
46, 5, 38
34, 5, 38
15, 5, 38
8, 2, 45
3, 5, 38
46, 4, 38
9, 2, 45
34, 4, 38
15, 4, 38
40, 2, 45
3, 4, 38
46, 3, 38
41, 2, 45
34, 3, 38
14, 3, 38
3, 3, 38
46, 2, 38
35, 2, 38
14, 2, 38
3, 2, 38
46, 1, 38
35, 1, 38
14, 1, 38
3, 1, 38
46, 0, 38
45, 0, 38
44, 0, 38
43, 0, 38
42, 0, 38
41, 0, 38
40, 0, 38
39, 0, 38
38, 0, 38
37, 0, 38
36, 0, 38
35, 0, 38
14, 0, 38
13, 0, 38
12, 0, 38
11, 0, 38
10, 0, 38
9, 0, 38
8, 0, 38
7, 0, 38
6, 0, 38
5, 0, 38
4, 0, 38
3, 0, 38
29, 38, 37
28, 38, 37
27, 38, 37
26, 38, 37
25, 38, 37
24, 38, 37
23, 38, 37
22, 38, 37
21, 38, 37
20, 38, 37
31, 37, 37
30, 37, 37
8, 3, 45
9, 3, 45
16, 3, 45
17, 3, 45
18, 3, 45
19, 3, 45
20, 3, 45
21, 3, 45
22, 3, 45
23, 3, 45
19, 37, 37
18, 37, 37
32, 36, 37
24, 3, 45
25, 3, 45
26, 3, 45
27, 3, 45
28, 3, 45
29, 3, 45
30, 3, 45
31, 3, 45
32, 3, 45
33, 3, 45
40, 3, 45
41, 3, 45
9, 4, 45
14, 4, 45
17, 36, 37
33, 35, 37
15, 4, 45
34, 4, 45
35, 4, 45
40, 4, 45
16, 35, 37
33, 34, 37
9, 5, 45
13, 5, 45
16, 34, 37
33, 33, 37
36, 5, 45
16, 33, 37
34, 32, 37
40, 5, 45
12, 6, 45
15, 32, 37
34, 31, 37
36, 6, 45
9, 7, 45
15, 31, 37
34, 30, 37
12, 7, 45
37, 7, 45
15, 30, 37
34, 29, 37
40, 7, 45
14, 29, 37
35, 28, 37
7, 8, 45
8, 8, 45
14, 28, 37
35, 27, 37
9, 8, 45
10, 8, 45
14, 27, 37
36, 26, 37
12, 8, 45
38, 8, 45
39, 8, 45
13, 26, 37
39, 25, 37
38, 25, 37
37, 25, 37
40, 8, 45
41, 8, 45
42, 8, 45
5, 9, 45
12, 25, 37
11, 25, 37
10, 25, 37
42, 24, 37
41, 24, 37
40, 24, 37
6, 9, 45
7, 9, 45
10, 9, 45
11, 9, 45
38, 9, 45
42, 9, 45
9, 24, 37
8, 24, 37
7, 24, 37
41, 23, 37
40, 23, 37
39, 23, 37
43, 9, 45
44, 9, 45
4, 10, 45
5, 10, 45
44, 10, 45
45, 10, 45
4, 11, 45
10, 23, 37
9, 23, 37
8, 23, 37
38, 22, 37
37, 22, 37
45, 11, 45
4, 12, 45
45, 12, 45
4, 13, 45
45, 13, 45
4, 14, 45
11, 22, 37
36, 21, 37
45, 14, 45
12, 21, 37
37, 20, 37
4, 15, 45
45, 15, 45
12, 20, 37
43, 19, 37
42, 19, 37
41, 19, 37
40, 19, 37
39, 19, 37
38, 19, 37
4, 16, 45
45, 16, 45
5, 17, 45
6, 17, 45
11, 19, 37
10, 19, 37
9, 19, 37
8, 19, 37
7, 19, 37
6, 19, 37
44, 18, 37
12, 17, 45
37, 17, 45
43, 17, 45
44, 17, 45
6, 18, 45
7, 18, 45
8, 18, 45
9, 18, 45
10, 18, 45
11, 18, 45
13, 18, 45
36, 18, 45
38, 18, 45
39, 18, 45
40, 18, 45
41, 18, 45
5, 18, 37
45, 17, 37
42, 18, 45
43, 18, 45
13, 19, 45
36, 19, 45
13, 20, 45
36, 20, 45
14, 21, 45
4, 17, 37
45, 16, 37
35, 21, 45
14, 22, 45
35, 22, 45
14, 23, 45
35, 23, 45
3, 16, 37
46, 15, 37
14, 24, 45
34, 24, 45
15, 25, 45
34, 25, 45
3, 15, 37
46, 14, 37
15, 26, 45
34, 26, 45
16, 27, 45
33, 27, 45
3, 14, 37
46, 13, 37
17, 28, 45
18, 28, 45
3, 13, 37
46, 12, 37
19, 28, 45
20, 28, 45
21, 28, 45
2, 12, 37
47, 11, 37
22, 28, 45
23, 28, 45
24, 28, 45
2, 11, 37
47, 10, 37
25, 28, 45
26, 28, 45
27, 28, 45
28, 28, 45
2, 10, 37
47, 9, 37
29, 28, 45
30, 28, 45
31, 28, 45
32, 28, 45
18, 29, 45
19, 29, 45
20, 29, 45
2, 9, 37
46, 8, 37
21, 29, 45
22, 29, 45
23, 29, 45
24, 29, 45
25, 29, 45
26, 29, 45
28, 29, 45
29, 29, 45
30, 29, 45
8, 0, 46
9, 0, 46
40, 0, 46
41, 0, 46
8, 1, 46
9, 1, 46
40, 1, 46
9, 2, 46
40, 2, 46
16, 3, 46
17, 3, 46
18, 3, 46
2, 8, 37
46, 7, 37
19, 3, 46
33, 7, 37
20, 3, 46
21, 3, 46
22, 3, 46
29, 7, 37
28, 7, 37
27, 7, 37
26, 7, 37
25, 7, 37
24, 7, 37
23, 7, 37
22, 7, 37
21, 7, 37
20, 7, 37
19, 7, 37
23, 3, 46
24, 3, 46
16, 7, 37
25, 3, 46
3, 7, 37
46, 6, 37
34, 6, 37
32, 6, 37
31, 6, 37
30, 6, 37
18, 6, 37
17, 6, 37
15, 6, 37
26, 3, 46
3, 6, 37
46, 5, 37
27, 3, 46
34, 5, 37
15, 5, 37
28, 3, 46
3, 5, 37
46, 4, 37
29, 3, 46
34, 4, 37
14, 4, 37
3, 4, 37
46, 3, 37
30, 3, 46
34, 3, 37
14, 3, 37
3, 3, 37
46, 2, 37
35, 2, 37
14, 2, 37
3, 2, 37
46, 1, 37
35, 1, 37
14, 1, 37
3, 1, 37
46, 0, 37
45, 0, 37
44, 0, 37
43, 0, 37
42, 0, 37
41, 0, 37
40, 0, 37
39, 0, 37
38, 0, 37
37, 0, 37
36, 0, 37
35, 0, 37
14, 0, 37
13, 0, 37
12, 0, 37
11, 0, 37
10, 0, 37
9, 0, 37
8, 0, 37
7, 0, 37
6, 0, 37
5, 0, 37
4, 0, 37
3, 0, 37
27, 39, 36
26, 39, 36
25, 39, 36
24, 39, 36
23, 39, 36
31, 38, 36
30, 38, 36
29, 38, 36
28, 38, 36
31, 3, 46
32, 3, 46
33, 3, 46
14, 4, 46
15, 4, 46
22, 38, 36
21, 38, 36
20, 38, 36
19, 38, 36
18, 38, 36
32, 37, 36
34, 4, 46
35, 4, 46
13, 5, 46
36, 5, 46
12, 6, 46
36, 6, 46
12, 7, 46
37, 7, 46
12, 8, 46
37, 8, 46
8, 9, 46
9, 9, 46
12, 9, 46
37, 9, 46
17, 37, 36
33, 36, 36
39, 9, 46
40, 9, 46
41, 9, 46
6, 10, 46
16, 36, 36
33, 35, 36
7, 10, 46
8, 10, 46
16, 35, 36
33, 34, 36
9, 10, 46
10, 10, 46
16, 34, 36
33, 33, 36
11, 10, 46
15, 33, 36
34, 32, 36
38, 10, 46
39, 10, 46
15, 32, 36
34, 31, 36
40, 10, 46
41, 10, 46
15, 31, 36
35, 30, 36
42, 10, 46
43, 10, 46
5, 11, 46
14, 30, 36
37, 29, 36
36, 29, 36
35, 29, 36
6, 11, 46
7, 11, 46
10, 11, 46
13, 29, 36
12, 29, 36
37, 28, 36
36, 28, 36
11, 11, 46
38, 11, 46
39, 11, 46
42, 11, 46
13, 28, 36
12, 28, 36
36, 27, 36
43, 11, 46
44, 11, 46
5, 12, 46
6, 12, 46
13, 27, 36
35, 26, 36
11, 12, 46
38, 12, 46
14, 26, 36
38, 25, 36
37, 25, 36
36, 25, 36
43, 12, 46
44, 12, 46
5, 13, 46
13, 25, 36
12, 25, 36
11, 25, 36
10, 25, 36
40, 24, 36
39, 24, 36
44, 13, 46
5, 14, 46
6, 14, 46
43, 14, 46
44, 14, 46
5, 15, 46
6, 15, 46
7, 15, 46
10, 24, 36
9, 24, 36
40, 23, 36
39, 23, 36
38, 23, 36
11, 15, 46
37, 15, 46
38, 15, 46
42, 15, 46
43, 15, 46
44, 15, 46
5, 16, 46
11, 23, 36
10, 23, 36
9, 23, 36
37, 22, 36
6, 16, 46
7, 16, 46
8, 16, 46
10, 16, 46
11, 16, 46
12, 22, 36
36, 21, 36
13, 21, 36
37, 20, 36
12, 16, 46
37, 16, 46
12, 20, 36
37, 19, 36
38, 16, 46
39, 16, 46
12, 19, 36
43, 18, 36
42, 18, 36
41, 18, 36
40, 18, 36
39, 18, 36
38, 18, 36
41, 16, 46
42, 16, 46
43, 16, 46
44, 16, 46
11, 18, 36
10, 18, 36
9, 18, 36
8, 18, 36
7, 18, 36
6, 18, 36
44, 17, 36
7, 17, 46
8, 17, 46
9, 17, 46
10, 17, 46
11, 17, 46
13, 17, 46
36, 17, 46
38, 17, 46
39, 17, 46
40, 17, 46
41, 17, 46
42, 17, 46
13, 18, 46
5, 17, 36
45, 16, 36
36, 18, 46
13, 19, 46
36, 19, 46
14, 20, 46
35, 20, 46
14, 21, 46
35, 21, 46
14, 22, 46
4, 16, 36
45, 15, 36
35, 22, 46
14, 23, 46
35, 23, 46
15, 24, 46
34, 24, 46
15, 25, 46
3, 15, 36
46, 14, 36
34, 25, 46
16, 26, 46
33, 26, 46
17, 27, 46
18, 27, 46
19, 27, 46
20, 27, 46
3, 14, 36
46, 13, 36
21, 27, 46
22, 27, 46
23, 27, 46
24, 27, 46
3, 13, 36
46, 12, 36
25, 27, 46
26, 27, 46
27, 27, 46
28, 27, 46
3, 12, 36
47, 11, 36
29, 27, 46
30, 27, 46
31, 27, 46
32, 27, 46
15, 3, 47
16, 3, 47
2, 11, 36
46, 10, 36
17, 3, 47
18, 3, 47
19, 3, 47
20, 3, 47
21, 3, 47
22, 3, 47
23, 3, 47
24, 3, 47
25, 3, 47
2, 10, 36
46, 9, 36
26, 3, 47
27, 3, 47
28, 3, 47
29, 3, 47
30, 3, 47
31, 3, 47
32, 3, 47
33, 3, 47
34, 3, 47
14, 4, 47
35, 4, 47
13, 5, 47
36, 5, 47
12, 6, 47
37, 6, 47
12, 7, 47
37, 7, 47
12, 8, 47
37, 8, 47
12, 9, 47
37, 9, 47
3, 9, 36
46, 8, 36
12, 10, 47
37, 10, 47
33, 8, 36
8, 11, 47
9, 11, 47
12, 11, 47
29, 8, 36
28, 8, 36
27, 8, 36
26, 8, 36
25, 8, 36
24, 8, 36
23, 8, 36
22, 8, 36
21, 8, 36
20, 8, 36
37, 11, 47
40, 11, 47
41, 11, 47
16, 8, 36
15, 8, 36
7, 12, 47
3, 8, 36
46, 7, 36
8, 12, 47
34, 7, 36
32, 7, 36
31, 7, 36
30, 7, 36
19, 7, 36
18, 7, 36
17, 7, 36
15, 7, 36
9, 12, 47
3, 7, 36
46, 6, 36
10, 12, 47
34, 6, 36
14, 6, 36
3, 6, 36
46, 5, 36
12, 12, 47
34, 5, 36
14, 5, 36
3, 5, 36
46, 4, 36
35, 4, 36
14, 4, 36
3, 4, 36
46, 3, 36
35, 3, 36
14, 3, 36
3, 3, 36
46, 2, 36
35, 2, 36
14, 2, 36
3, 2, 36
46, 1, 36
35, 1, 36
14, 1, 36
3, 1, 36
46, 0, 36
45, 0, 36
44, 0, 36
43, 0, 36
42, 0, 36
41, 0, 36
40, 0, 36
39, 0, 36
38, 0, 36
37, 0, 36
36, 0, 36
35, 0, 36
14, 0, 36
13, 0, 36
12, 0, 36
11, 0, 36
10, 0, 36
9, 0, 36
8, 0, 36
7, 0, 36
6, 0, 36
5, 0, 36
4, 0, 36
3, 0, 36
31, 39, 35
30, 39, 35
29, 39, 35
28, 39, 35
27, 39, 35
26, 39, 35
25, 39, 35
24, 39, 35
23, 39, 35
22, 39, 35
21, 39, 35
20, 39, 35
19, 39, 35
18, 39, 35
32, 38, 35
37, 12, 47
39, 12, 47
40, 12, 47
41, 12, 47
42, 12, 47
6, 13, 47
7, 13, 47
8, 13, 47
9, 13, 47
10, 13, 47
11, 13, 47
38, 13, 47
39, 13, 47
40, 13, 47
17, 38, 35
32, 37, 35
41, 13, 47
42, 13, 47
43, 13, 47
16, 37, 35
33, 36, 35
7, 14, 47
8, 14, 47
9, 14, 47
16, 36, 35
33, 35, 35
10, 14, 47
11, 14, 47
16, 35, 35
33, 34, 35
37, 14, 47
16, 34, 35
34, 33, 35
38, 14, 47
39, 14, 47
15, 33, 35
34, 32, 35
40, 14, 47
41, 14, 47
15, 32, 35
34, 31, 35
42, 14, 47
8, 15, 47
15, 31, 35
37, 30, 35
36, 30, 35
35, 30, 35
9, 15, 47
10, 15, 47
14, 30, 35
13, 30, 35
12, 30, 35
40, 29, 35
39, 29, 35
38, 29, 35
12, 15, 47
36, 15, 47
39, 15, 47
40, 15, 47
41, 15, 47
9, 16, 47
13, 16, 47
36, 16, 47
11, 29, 35
10, 29, 35
9, 29, 35
40, 28, 35
39, 28, 35
38, 28, 35
40, 16, 47
13, 17, 47
36, 17, 47
13, 18, 47
36, 18, 47
13, 19, 47
35, 19, 47
14, 20, 47
11, 28, 35
10, 28, 35
9, 28, 35
8, 28, 35
38, 27, 35
37, 27, 35
35, 20, 47
14, 21, 47
35, 21, 47
14, 22, 47
35, 22, 47
15, 23, 47
12, 27, 35
11, 27, 35
38, 26, 35
37, 26, 35
36, 26, 35
34, 23, 47
15, 24, 47
34, 24, 47
16, 25, 47
13, 26, 35
12, 26, 35
11, 26, 35
38, 25, 35
23, 25, 47
24, 25, 47
25, 25, 47
26, 25, 47
27, 25, 47
33, 25, 47
17, 26, 47
11, 25, 35
38, 24, 35
18, 26, 47
19, 26, 47
20, 26, 47
21, 26, 47
22, 26, 47
23, 26, 47
24, 26, 47
11, 24, 35
38, 23, 35
25, 26, 47
26, 26, 47
27, 26, 47
28, 26, 47
29, 26, 47
30, 26, 47
31, 26, 47
11, 23, 35
38, 22, 35
32, 26, 47
17, 2, 48
18, 2, 48
19, 2, 48
20, 2, 48
21, 2, 48
11, 22, 35
38, 21, 35
37, 21, 35
22, 2, 48
27, 2, 48
28, 2, 48
29, 2, 48
12, 21, 35
11, 21, 35
38, 20, 35
30, 2, 48
31, 2, 48
32, 2, 48
15, 3, 48
16, 3, 48
23, 3, 48
11, 20, 35
38, 19, 35
24, 3, 48
25, 3, 48
26, 3, 48
33, 3, 48
34, 3, 48
35, 3, 48
11, 19, 35
41, 18, 35
40, 18, 35
39, 18, 35
14, 4, 48
35, 4, 48
12, 5, 48
13, 5, 48
36, 5, 48
12, 18, 35
9, 18, 35
8, 18, 35
43, 17, 35
42, 17, 35
12, 6, 48
37, 6, 48
39, 17, 35
38, 17, 35
12, 7, 48
37, 7, 48
12, 8, 48
37, 8, 48
11, 17, 35
10, 17, 35
12, 9, 48
37, 9, 48
7, 17, 35
6, 17, 35
44, 16, 35
12, 10, 48
37, 10, 48
12, 11, 48
37, 11, 48
12, 12, 48
37, 12, 48
12, 13, 48
37, 13, 48
12, 14, 48
36, 14, 48
13, 15, 48
36, 15, 48
13, 16, 48
36, 16, 48
13, 17, 48
5, 16, 35
45, 15, 35
36, 17, 48
13, 18, 48
35, 18, 48
14, 19, 48
35, 19, 48
14, 20, 48
35, 20, 48
14, 21, 48
35, 21, 48
15, 22, 48
4, 15, 35
45, 14, 35
34, 22, 48
15, 23, 48
34, 23, 48
16, 24, 48
17, 24, 48
18, 24, 48
19, 24, 48
3, 14, 35
46, 13, 35
20, 24, 48
21, 24, 48
22, 24, 48
23, 24, 48
24, 24, 48
25, 24, 48
3, 13, 35
46, 12, 35
26, 24, 48
27, 24, 48
28, 24, 48
29, 24, 48
30, 24, 48
31, 24, 48
3, 12, 35
46, 11, 35
32, 24, 48
33, 24, 48
17, 25, 48
18, 25, 48
19, 25, 48
20, 25, 48
21, 25, 48
22, 25, 48
28, 25, 48
29, 25, 48
3, 11, 35
46, 10, 35
30, 25, 48
34, 10, 35
31, 25, 48
32, 25, 48
17, 2, 49
18, 2, 49
19, 2, 49
20, 2, 49
21, 2, 49
22, 2, 49
23, 2, 49
24, 2, 49
25, 2, 49
26, 2, 49
27, 2, 49
28, 2, 49
29, 2, 49
30, 2, 49
31, 2, 49
32, 2, 49
15, 10, 35
14, 3, 49
3, 10, 35
46, 9, 35
15, 3, 49
16, 3, 49
34, 9, 35
33, 9, 35
33, 3, 49
34, 3, 49
35, 3, 49
29, 9, 35
28, 9, 35
27, 9, 35
26, 9, 35
25, 9, 35
24, 9, 35
23, 9, 35
22, 9, 35
21, 9, 35
20, 9, 35
13, 4, 49
36, 4, 49
12, 5, 49
16, 9, 35
15, 9, 35
36, 5, 49
12, 6, 49
3, 9, 35
46, 8, 35
37, 6, 49
12, 7, 49
34, 8, 35
32, 8, 35
31, 8, 35
30, 8, 35
29, 8, 35
20, 8, 35
19, 8, 35
18, 8, 35
17, 8, 35
14, 8, 35
37, 7, 49
12, 8, 49
3, 8, 35
46, 7, 35
37, 8, 49
12, 9, 49
35, 7, 35
14, 7, 35
37, 9, 49
12, 10, 49
3, 7, 35
46, 6, 35
37, 10, 49
12, 11, 49
35, 6, 35
14, 6, 35
37, 11, 49
12, 12, 49
3, 6, 35
46, 5, 35
37, 12, 49
12, 13, 49
35, 5, 35
14, 5, 35
37, 13, 49
13, 14, 49
3, 5, 35
46, 4, 35
36, 14, 49
13, 15, 49
35, 4, 35
14, 4, 35
36, 15, 49
13, 16, 49
3, 4, 35
46, 3, 35
36, 16, 49
35, 3, 35
14, 3, 35
13, 17, 49
36, 17, 49
3, 3, 35
46, 2, 35
14, 18, 49
35, 2, 35
14, 2, 35
35, 18, 49
3, 2, 35
46, 1, 35
14, 19, 49
35, 1, 35
14, 1, 35
3, 1, 35
46, 0, 35
45, 0, 35
44, 0, 35
43, 0, 35
42, 0, 35
41, 0, 35
40, 0, 35
39, 0, 35
38, 0, 35
37, 0, 35
36, 0, 35
35, 0, 35
14, 0, 35
13, 0, 35
12, 0, 35
11, 0, 35
10, 0, 35
9, 0, 35
8, 0, 35
7, 0, 35
6, 0, 35
5, 0, 35
4, 0, 35
3, 0, 35
31, 40, 34
30, 40, 34
29, 40, 34
28, 40, 34
27, 40, 34
26, 40, 34
25, 40, 34
24, 40, 34
23, 40, 34
22, 40, 34
21, 40, 34
20, 40, 34
19, 40, 34
18, 40, 34
31, 39, 34
35, 19, 49
14, 20, 49
35, 20, 49
14, 21, 49
34, 21, 49
15, 22, 49
34, 22, 49
16, 23, 49
17, 23, 49
18, 23, 49
19, 23, 49
20, 23, 49
21, 23, 49
17, 39, 34
32, 38, 34
22, 23, 49
23, 23, 49
24, 23, 49
25, 23, 49
17, 38, 34
33, 37, 34
26, 23, 49
27, 23, 49
28, 23, 49
29, 23, 49
16, 37, 34
33, 36, 34
30, 23, 49
31, 23, 49
16, 36, 34
35, 35, 34
33, 35, 34
32, 23, 49
33, 23, 49
16, 35, 34
14, 35, 34
36, 34, 34
35, 34, 34
34, 34, 34
16, 2, 50
17, 2, 50
15, 34, 34
14, 34, 34
13, 34, 34
36, 33, 34
35, 33, 34
18, 2, 50
19, 2, 50
20, 2, 50
21, 2, 50
14, 33, 34
13, 33, 34
34, 32, 34
22, 2, 50
23, 2, 50
15, 32, 34
34, 31, 34
24, 2, 50
15, 31, 34
37, 30, 34
36, 30, 34
35, 30, 34
25, 2, 50
26, 2, 50
14, 30, 34
13, 30, 34
12, 30, 34
40, 29, 34
39, 29, 34
38, 29, 34
27, 2, 50
28, 2, 50
29, 2, 50
30, 2, 50
31, 2, 50
32, 2, 50
33, 2, 50
14, 3, 50
11, 29, 34
10, 29, 34
9, 29, 34
8, 29, 34
41, 28, 34
40, 28, 34
15, 3, 50
34, 3, 50
35, 3, 50
13, 4, 50
36, 4, 50
12, 5, 50
36, 5, 50
12, 6, 50
37, 6, 50
9, 28, 34
8, 28, 34
39, 27, 34
12, 7, 50
37, 7, 50
12, 8, 50
37, 8, 50
12, 9, 50
37, 9, 50
12, 10, 50
37, 10, 50
12, 11, 50
37, 11, 50
10, 27, 34
39, 26, 34
12, 12, 50
36, 12, 50
13, 13, 50
36, 13, 50
13, 14, 50
36, 14, 50
13, 15, 50
36, 15, 50
13, 16, 50
36, 16, 50
10, 26, 34
39, 25, 34
14, 17, 50
35, 17, 50
14, 18, 50
35, 18, 50
14, 19, 50
35, 19, 50
14, 20, 50
10, 25, 34
39, 24, 34
34, 20, 50
15, 21, 50
34, 21, 50
16, 22, 50
17, 22, 50
18, 22, 50
19, 22, 50
20, 22, 50
10, 24, 34
39, 23, 34
21, 22, 50
22, 22, 50
23, 22, 50
24, 22, 50
25, 22, 50
26, 22, 50
10, 23, 34
39, 22, 34
27, 22, 50
28, 22, 50
29, 22, 50
30, 22, 50
31, 22, 50
32, 22, 50
10, 22, 34
39, 21, 34
33, 22, 50
16, 2, 51
17, 2, 51
18, 2, 51
19, 2, 51
20, 2, 51
10, 21, 34
39, 20, 34
21, 2, 51
22, 2, 51
23, 2, 51
24, 2, 51
25, 2, 51
26, 2, 51
10, 20, 34
39, 19, 34
27, 2, 51
28, 2, 51
29, 2, 51
30, 2, 51
31, 2, 51
32, 2, 51
33, 2, 51
14, 3, 51
15, 3, 51
10, 19, 34
38, 18, 34
34, 3, 51
35, 3, 51
13, 4, 51
36, 4, 51
12, 5, 51
36, 5, 51
12, 6, 51
37, 6, 51
11, 18, 34
41, 17, 34
40, 17, 34
37, 17, 34
12, 7, 51
37, 7, 51
12, 8, 51
37, 8, 51
12, 17, 34
9, 17, 34
8, 17, 34
43, 16, 34
42, 16, 34
41, 16, 34
40, 16, 34
39, 16, 34
38, 16, 34
12, 9, 51
37, 9, 51
12, 10, 51
37, 10, 51
12, 11, 51
37, 11, 51
11, 16, 34
10, 16, 34
9, 16, 34
8, 16, 34
7, 16, 34
6, 16, 34
44, 15, 34
43, 15, 34
13, 12, 51
36, 12, 51
13, 13, 51
36, 13, 51
13, 14, 51
36, 14, 51
13, 15, 51
36, 15, 51
13, 16, 51
35, 16, 51
14, 17, 51
35, 17, 51
14, 18, 51
35, 18, 51
14, 19, 51
35, 19, 51
6, 15, 34
5, 15, 34
44, 14, 34
15, 20, 51
34, 20, 51
16, 21, 51
17, 21, 51
18, 21, 51
19, 21, 51
20, 21, 51
21, 21, 51
22, 21, 51
23, 21, 51
24, 21, 51
25, 21, 51
26, 21, 51
27, 21, 51
28, 21, 51
5, 14, 34
4, 14, 34
45, 13, 34
44, 13, 34
29, 21, 51
30, 21, 51
31, 21, 51
32, 21, 51
33, 21, 51
16, 2, 52
17, 2, 52
18, 2, 52
19, 2, 52
20, 2, 52
21, 2, 52
22, 2, 52
23, 2, 52
4, 13, 34
45, 12, 34
24, 2, 52
25, 2, 52
26, 2, 52
27, 2, 52
28, 2, 52
29, 2, 52
30, 2, 52
31, 2, 52
32, 2, 52
33, 2, 52
14, 3, 52
15, 3, 52
34, 3, 52
35, 3, 52
13, 4, 52
36, 4, 52
12, 5, 52
36, 5, 52
12, 6, 52
37, 6, 52
4, 12, 34
46, 11, 34
45, 11, 34
12, 7, 52
37, 7, 52
35, 11, 34
34, 11, 34
12, 8, 52
37, 8, 52
12, 9, 52
37, 9, 52
12, 10, 52
37, 10, 52
12, 11, 52
36, 11, 52
13, 12, 52
36, 12, 52
13, 13, 52
36, 13, 52
13, 14, 52
36, 14, 52
13, 15, 52
36, 15, 52
14, 16, 52
35, 16, 52
15, 11, 34
14, 11, 34
14, 17, 52
35, 17, 52
4, 11, 34
3, 11, 34
46, 10, 34
14, 18, 52
35, 18, 52
15, 19, 52
35, 10, 34
33, 10, 34
34, 19, 52
16, 20, 52
17, 20, 52
29, 10, 34
28, 10, 34
27, 10, 34
26, 10, 34
25, 10, 34
24, 10, 34
23, 10, 34
22, 10, 34
21, 10, 34
20, 10, 34
18, 20, 52
19, 20, 52
20, 20, 52
16, 10, 34
14, 10, 34
21, 20, 52
22, 20, 52
23, 20, 52
3, 10, 34
46, 9, 34
45, 9, 34
24, 20, 52
25, 20, 52
35, 9, 34
32, 9, 34
31, 9, 34
30, 9, 34
19, 9, 34
18, 9, 34
17, 9, 34
14, 9, 34
26, 20, 52
27, 20, 52
28, 20, 52
3, 9, 34
45, 8, 34
29, 20, 52
30, 20, 52
35, 8, 34
14, 8, 34
31, 20, 52
32, 20, 52
4, 8, 34
45, 7, 34
33, 20, 52
15, 2, 53
36, 7, 34
35, 7, 34
13, 7, 34
16, 2, 53
17, 2, 53
4, 7, 34
45, 6, 34
18, 2, 53
19, 2, 53
36, 6, 34
13, 6, 34
20, 2, 53
21, 2, 53
4, 6, 34
45, 5, 34
22, 2, 53
23, 2, 53
36, 5, 34
13, 5, 34
24, 2, 53
25, 2, 53
4, 5, 34
45, 4, 34
26, 2, 53
27, 2, 53
36, 4, 34
35, 4, 34
13, 4, 34
28, 2, 53
29, 2, 53
4, 4, 34
45, 3, 34
30, 2, 53
31, 2, 53
32, 2, 53
35, 3, 34
14, 3, 34
33, 2, 53
34, 2, 53
14, 3, 53
35, 3, 53
3, 3, 34
45, 2, 34
13, 4, 53
35, 2, 34
14, 2, 34
36, 4, 53
12, 5, 53
3, 2, 34
46, 1, 34
36, 5, 53
35, 1, 34
14, 1, 34
12, 6, 53
3, 1, 34
46, 0, 34
45, 0, 34
44, 0, 34
43, 0, 34
42, 0, 34
41, 0, 34
40, 0, 34
39, 0, 34
38, 0, 34
37, 0, 34
36, 0, 34
35, 0, 34
14, 0, 34
13, 0, 34
12, 0, 34
11, 0, 34
10, 0, 34
9, 0, 34
8, 0, 34
7, 0, 34
6, 0, 34
5, 0, 34
4, 0, 34
3, 0, 34
30, 41, 33
29, 41, 33
28, 41, 33
27, 41, 33
26, 41, 33
25, 41, 33
24, 41, 33
23, 41, 33
22, 41, 33
21, 41, 33
20, 41, 33
19, 41, 33
31, 40, 33
37, 6, 53
12, 7, 53
37, 7, 53
12, 8, 53
37, 8, 53
12, 9, 53
37, 9, 53
12, 10, 53
36, 10, 53
13, 11, 53
36, 11, 53
13, 12, 53
18, 40, 33
32, 39, 33
36, 12, 53
13, 13, 53
36, 13, 53
13, 14, 53
36, 14, 53
14, 15, 53
35, 15, 53
14, 16, 53
17, 39, 33
32, 38, 33
35, 16, 53
14, 17, 53
17, 38, 33
36, 37, 33
35, 37, 33
34, 37, 33
33, 37, 33
35, 17, 53
15, 18, 53
16, 37, 33
15, 37, 33
14, 37, 33
13, 37, 33
12, 37, 33
37, 36, 33
36, 36, 33
35, 36, 33
34, 36, 33
34, 18, 53
16, 19, 53
17, 19, 53
18, 19, 53
15, 36, 33
14, 36, 33
13, 36, 33
12, 36, 33
38, 35, 33
37, 35, 33
36, 35, 33
19, 19, 53
34, 35, 33
20, 19, 53
21, 19, 53
22, 19, 53
15, 35, 33
23, 19, 53
13, 35, 33
12, 35, 33
11, 35, 33
38, 34, 33
37, 34, 33
24, 19, 53
25, 19, 53
26, 19, 53
27, 19, 53
28, 19, 53
29, 19, 53
30, 19, 53
31, 19, 53
12, 34, 33
11, 34, 33
38, 33, 33
37, 33, 33
32, 19, 53
33, 19, 53
15, 2, 54
16, 2, 54
17, 2, 54
18, 2, 54
19, 2, 54
20, 2, 54
12, 33, 33
11, 33, 33
37, 32, 33
36, 32, 33
35, 32, 33
21, 2, 54
22, 2, 54
23, 2, 54
24, 2, 54
14, 32, 33
13, 32, 33
12, 32, 33
36, 31, 33
35, 31, 33
25, 2, 54
26, 2, 54
14, 31, 33
13, 31, 33
12, 31, 33
39, 30, 33
38, 30, 33
37, 30, 33
27, 2, 54
28, 2, 54
29, 2, 54
30, 2, 54
31, 2, 54
32, 2, 54
33, 2, 54
11, 30, 33
10, 30, 33
39, 29, 33
34, 2, 54
14, 3, 54
35, 3, 54
13, 4, 54
36, 4, 54
13, 5, 54
36, 5, 54
12, 6, 54
37, 6, 54
12, 7, 54
10, 29, 33
39, 28, 33
37, 7, 54
12, 8, 54
37, 8, 54
12, 9, 54
37, 9, 54
13, 10, 54
36, 10, 54
13, 11, 54
36, 11, 54
13, 12, 54
10, 28, 33
39, 27, 33
36, 12, 54
13, 13, 54
36, 13, 54
13, 14, 54
35, 14, 54
14, 15, 54
35, 15, 54
14, 16, 54
10, 27, 33
39, 26, 33
35, 16, 54
14, 17, 54
34, 17, 54
15, 18, 54
10, 26, 33
39, 25, 33
18, 18, 54
19, 18, 54
20, 18, 54
21, 18, 54
10, 25, 33
39, 24, 33
22, 18, 54
23, 18, 54
10, 24, 33
39, 23, 33
24, 18, 54
25, 18, 54
10, 23, 33
39, 22, 33
26, 18, 54
27, 18, 54
10, 22, 33
39, 21, 33
28, 18, 54
29, 18, 54
10, 21, 33
39, 20, 33
30, 18, 54
31, 18, 54
10, 20, 33
39, 19, 33
33, 18, 54
34, 18, 54
16, 19, 54
17, 19, 54
10, 19, 33
38, 18, 33
32, 19, 54
15, 2, 55
16, 2, 55
17, 2, 55
18, 2, 55
19, 2, 55
11, 18, 33
38, 17, 33
20, 2, 55
21, 2, 55
22, 2, 55
23, 2, 55
24, 2, 55
25, 2, 55
11, 17, 33
38, 16, 33
26, 2, 55
27, 2, 55
28, 2, 55
29, 2, 55
30, 2, 55
31, 2, 55
11, 16, 33
42, 15, 33
41, 15, 33
40, 15, 33
39, 15, 33
38, 15, 33
32, 2, 55
33, 2, 55
34, 2, 55
14, 3, 55
35, 3, 55
13, 4, 55
36, 4, 55
13, 5, 55
10, 15, 33
9, 15, 33
8, 15, 33
7, 15, 33
43, 14, 33
42, 14, 33
41, 14, 33
40, 14, 33
39, 14, 33
38, 14, 33
36, 5, 55
12, 6, 55
36, 6, 55
12, 7, 55
37, 7, 55
12, 8, 55
37, 8, 55
11, 9, 55
37, 9, 55
11, 10, 55
11, 14, 33
10, 14, 33
9, 14, 33
8, 14, 33
7, 14, 33
6, 14, 33
43, 13, 33
42, 13, 33
12, 10, 55
37, 10, 55
11, 11, 55
38, 13, 33
37, 13, 33
12, 11, 55
37, 11, 55
13, 12, 55
36, 12, 55
13, 13, 55
35, 13, 55
14, 14, 55
35, 14, 55
14, 15, 55
35, 15, 55
14, 16, 55
35, 16, 55
15, 17, 55
21, 17, 55
22, 17, 55
23, 17, 55
24, 17, 55
25, 17, 55
26, 17, 55
27, 17, 55
34, 17, 55
12, 13, 33
11, 13, 33
16, 18, 55
17, 18, 55
18, 18, 55
7, 13, 33
6, 13, 33
5, 13, 33
44, 12, 33
43, 12, 33
19, 18, 55
20, 18, 55
28, 18, 55
37, 12, 33
36, 12, 33
35, 12, 33
29, 18, 55
30, 18, 55
31, 18, 55
32, 18, 55
33, 18, 55
15, 2, 56
16, 2, 56
17, 2, 56
18, 2, 56
19, 2, 56
20, 2, 56
21, 2, 56
22, 2, 56
23, 2, 56
24, 2, 56
25, 2, 56
26, 2, 56
27, 2, 56
28, 2, 56
29, 2, 56
14, 12, 33
13, 12, 33
12, 12, 33
30, 2, 56
31, 2, 56
32, 2, 56
6, 12, 33
5, 12, 33
44, 11, 33
33, 2, 56
34, 2, 56
14, 3, 56
37, 11, 33
36, 11, 33
34, 11, 33
33, 11, 33
32, 11, 33
31, 11, 33
30, 11, 33
29, 11, 33
28, 11, 33
27, 11, 33
26, 11, 33
25, 11, 33
24, 11, 33
23, 11, 33
22, 11, 33
21, 11, 33
20, 11, 33
19, 11, 33
18, 11, 33
35, 3, 56
16, 11, 33
15, 11, 33
13, 11, 33
12, 11, 33
13, 4, 56
36, 4, 56
13, 5, 56
5, 11, 33
45, 10, 33
44, 10, 33
36, 5, 56
12, 6, 56
37, 10, 33
36, 10, 33
32, 10, 33
31, 10, 33
30, 10, 33
19, 10, 33
18, 10, 33
17, 10, 33
13, 10, 33
12, 10, 33
36, 6, 56
12, 7, 56
5, 10, 33
4, 10, 33
44, 9, 33
43, 9, 33
37, 7, 56
11, 8, 56
37, 9, 33
36, 9, 33
13, 9, 33
12, 9, 33
38, 8, 56
10, 9, 56
38, 9, 56
5, 9, 33
4, 9, 33
44, 8, 33
43, 8, 33
39, 9, 56
8, 10, 56
37, 8, 33
36, 8, 33
13, 8, 33
12, 8, 33
9, 10, 56
10, 10, 56
6, 8, 33
5, 8, 33
44, 7, 33
43, 7, 33
38, 10, 56
39, 10, 56
40, 10, 56
37, 7, 33
12, 7, 33
11, 7, 33
7, 11, 56
8, 11, 56
6, 7, 33
5, 7, 33
44, 6, 33
43, 6, 33
9, 11, 56
10, 11, 56
38, 11, 56
39, 11, 56
38, 6, 33
37, 6, 33
12, 6, 33
11, 6, 33
40, 11, 56
41, 11, 56
8, 12, 56
9, 12, 56
6, 6, 33
5, 6, 33
44, 5, 33
43, 5, 33
42, 5, 33
10, 12, 56
40, 5, 33
39, 5, 33
38, 5, 33
37, 5, 33
12, 5, 33
11, 5, 33
10, 5, 33
9, 5, 33
11, 12, 56
7, 5, 33
6, 5, 33
5, 5, 33
44, 4, 33
43, 4, 33
42, 4, 33
41, 4, 33
12, 12, 56
39, 4, 33
38, 4, 33
37, 4, 33
12, 4, 33
11, 4, 33
10, 4, 33
36, 12, 56
8, 4, 33
7, 4, 33
6, 4, 33
5, 4, 33
45, 3, 33
37, 12, 56
43, 3, 33
38, 12, 56
39, 12, 56
40, 12, 56
41, 12, 56
13, 13, 56
37, 3, 33
36, 3, 33
13, 3, 33
35, 13, 56
14, 14, 56
35, 14, 56
14, 15, 56
35, 15, 56
15, 16, 56
6, 3, 33
34, 16, 56
4, 3, 33
45, 2, 33
16, 17, 56
17, 17, 56
18, 17, 56
19, 17, 56
20, 17, 56
21, 17, 56
35, 2, 33
14, 2, 33
22, 17, 56
23, 17, 56
24, 17, 56
25, 17, 56
26, 17, 56
27, 17, 56
4, 2, 33
46, 1, 33
28, 17, 56
29, 17, 56
30, 17, 56
35, 1, 33
14, 1, 33
31, 17, 56
32, 17, 56
33, 17, 56
3, 1, 33
46, 0, 33
45, 0, 33
44, 0, 33
43, 0, 33
42, 0, 33
41, 0, 33
40, 0, 33
39, 0, 33
38, 0, 33
37, 0, 33
36, 0, 33
35, 0, 33
14, 0, 33
13, 0, 33
12, 0, 33
11, 0, 33
10, 0, 33
9, 0, 33
8, 0, 33
7, 0, 33
6, 0, 33
5, 0, 33
4, 0, 33
3, 0, 33
29, 42, 32
26, 42, 32
25, 42, 32
24, 42, 32
23, 42, 32
22, 42, 32
21, 42, 32
20, 42, 32
31, 41, 32
30, 41, 32
15, 2, 57
28, 41, 32
27, 41, 32
16, 2, 57
17, 2, 57
18, 2, 57
19, 2, 57
20, 2, 57
21, 2, 57
22, 2, 57
19, 41, 32
18, 41, 32
32, 40, 32
23, 2, 57
24, 2, 57
25, 2, 57
26, 2, 57
27, 2, 57
28, 2, 57
29, 2, 57
30, 2, 57
31, 2, 57
32, 2, 57
33, 2, 57
34, 2, 57
14, 3, 57
35, 3, 57
17, 40, 32
32, 39, 32
13, 4, 57
36, 4, 57
17, 39, 32
36, 38, 32
35, 38, 32
34, 38, 32
32, 38, 32
13, 5, 57
36, 5, 57
16, 38, 32
15, 38, 32
14, 38, 32
13, 38, 32
37, 37, 32
12, 6, 57
36, 6, 57
12, 7, 57
33, 37, 32
37, 7, 57
11, 8, 57
38, 8, 57
9, 9, 57
10, 9, 57
39, 9, 57
12, 37, 32
11, 37, 32
38, 36, 32
40, 9, 57
7, 10, 57
8, 10, 57
41, 10, 57
6, 11, 57
42, 11, 57
43, 11, 57
5, 12, 57
11, 36, 32
39, 35, 32
6, 12, 57
7, 12, 57
8, 12, 57
9, 12, 57
10, 12, 57
11, 12, 57
12, 12, 57
13, 12, 57
10, 35, 32
39, 34, 32
36, 12, 57
37, 12, 57
38, 12, 57
39, 12, 57
40, 12, 57
10, 34, 32
38, 33, 32
41, 12, 57
42, 12, 57
43, 12, 57
44, 12, 57
14, 13, 57
35, 13, 57
10, 33, 32
38, 32, 32
14, 14, 57
35, 14, 57
14, 15, 57
35, 15, 57
15, 16, 57
18, 16, 57
19, 16, 57
20, 16, 57
11, 32, 32
39, 31, 32
38, 31, 32
37, 31, 32
21, 16, 57
22, 16, 57
23, 16, 57
24, 16, 57
25, 16, 57
26, 16, 57
27, 16, 57
28, 16, 57
29, 16, 57
11, 31, 32
10, 31, 32
39, 30, 32
30, 16, 57
34, 16, 57
16, 17, 57
17, 17, 57
31, 17, 57
32, 17, 57
33, 17, 57
15, 2, 58
16, 2, 58
17, 2, 58
10, 30, 32
40, 29, 32
18, 2, 58
19, 2, 58
20, 2, 58
21, 2, 58
22, 2, 58
23, 2, 58
24, 2, 58
25, 2, 58
26, 2, 58
27, 2, 58
9, 29, 32
40, 28, 32
28, 2, 58
29, 2, 58
30, 2, 58
31, 2, 58
32, 2, 58
33, 2, 58
34, 2, 58
14, 3, 58
35, 3, 58
13, 4, 58
9, 28, 32
40, 27, 32
36, 4, 58
13, 5, 58
36, 5, 58
12, 6, 58
36, 6, 58
12, 7, 58
9, 27, 32
40, 26, 32
37, 7, 58
11, 8, 58
38, 8, 58
9, 9, 58
10, 9, 58
9, 26, 32
40, 25, 32
39, 9, 58
40, 9, 58
8, 10, 58
41, 10, 58
6, 11, 58
9, 25, 32
39, 24, 32
7, 11, 58
8, 11, 58
41, 11, 58
9, 24, 32
39, 23, 32
42, 11, 58
43, 11, 58
10, 23, 32
39, 22, 32
5, 12, 58
6, 12, 58
10, 22, 32
39, 21, 32
7, 12, 58
8, 12, 58
10, 21, 32
39, 20, 32
9, 12, 58
10, 12, 58
10, 20, 32
39, 19, 32
11, 12, 58
12, 12, 58
13, 12, 58
36, 12, 58
10, 19, 32
38, 18, 32
37, 12, 58
38, 12, 58
39, 12, 58
40, 12, 58
41, 12, 58
42, 12, 58
11, 18, 32
38, 17, 32
43, 12, 58
44, 12, 58
14, 13, 58
35, 13, 58
14, 14, 58
35, 14, 58
14, 15, 58
15, 15, 58
11, 17, 32
38, 16, 32
34, 15, 58
16, 16, 58
17, 16, 58
18, 16, 58
19, 16, 58
20, 16, 58
21, 16, 58
22, 16, 58
23, 16, 58
24, 16, 58
11, 16, 32
37, 15, 32
25, 16, 58
26, 16, 58
27, 16, 58
28, 16, 58
29, 16, 58
30, 16, 58
31, 16, 58
32, 16, 58
33, 16, 58
15, 2, 59
16, 2, 59
17, 2, 59
18, 2, 59
11, 15, 32
37, 14, 32
19, 2, 59
20, 2, 59
21, 2, 59
22, 2, 59
23, 2, 59
24, 2, 59
25, 2, 59
26, 2, 59
27, 2, 59
28, 2, 59
29, 2, 59
30, 2, 59
31, 2, 59
32, 2, 59
33, 2, 59
34, 2, 59
14, 3, 59
35, 3, 59
13, 4, 59
36, 4, 59
13, 5, 59
36, 5, 59
13, 6, 59
36, 6, 59
12, 14, 32
41, 13, 32
40, 13, 32
39, 13, 32
36, 13, 32
12, 7, 59
37, 7, 59
33, 13, 32
12, 8, 59
37, 8, 59
10, 9, 59
11, 9, 59
28, 13, 32
27, 13, 32
26, 13, 32
25, 13, 32
24, 13, 32
23, 13, 32
22, 13, 32
21, 13, 32
37, 9, 59
38, 9, 59
39, 9, 59
9, 10, 59
16, 13, 32
10, 10, 59
11, 10, 59
13, 13, 32
10, 13, 32
9, 13, 32
8, 13, 32
42, 12, 32
41, 12, 32
40, 12, 32
39, 12, 32
38, 12, 32
35, 12, 32
34, 12, 32
33, 12, 32
32, 12, 32
31, 12, 32
30, 12, 32
29, 12, 32
28, 12, 32
27, 12, 32
26, 12, 32
25, 12, 32
24, 12, 32
23, 12, 32
22, 12, 32
21, 12, 32
20, 12, 32
19, 12, 32
18, 12, 32
17, 12, 32
16, 12, 32
15, 12, 32
14, 12, 32
11, 12, 32
10, 12, 32
9, 12, 32
8, 12, 32
7, 12, 32
43, 11, 32
42, 11, 32
41, 11, 32
40, 11, 32
39, 11, 32
38, 11, 32
17, 11, 32
11, 11, 32
10, 11, 32
9, 11, 32
8, 11, 32
7, 11, 32
6, 11, 32
43, 10, 32
42, 10, 32
41, 10, 32
40, 10, 32
39, 10, 32
38, 10, 32
11, 10, 32
10, 10, 32
9, 10, 32
8, 10, 32
7, 10, 32
6, 10, 32
42, 9, 32
41, 9, 32
40, 9, 32
39, 9, 32
38, 9, 32
11, 9, 32
10, 9, 32
9, 9, 32
8, 9, 32
7, 9, 32
6, 9, 32
42, 8, 32
41, 8, 32
40, 8, 32
39, 8, 32
38, 8, 32
11, 8, 32
10, 8, 32
9, 8, 32
8, 8, 32
7, 8, 32
42, 7, 32
41, 7, 32
40, 7, 32
39, 7, 32
38, 7, 32
10, 7, 32
9, 7, 32
8, 7, 32
7, 7, 32
42, 6, 32
41, 6, 32
40, 6, 32
39, 6, 32
10, 6, 32
9, 6, 32
8, 6, 32
7, 6, 32
41, 5, 32
8, 5, 32
40, 4, 32
9, 4, 32
45, 3, 32
44, 3, 32
42, 3, 32
41, 3, 32
12, 10, 59
39, 3, 32
38, 3, 32
36, 3, 32
13, 3, 32
12, 3, 32
11, 3, 32
10, 3, 32
37, 10, 59
8, 3, 32
7, 3, 32
5, 3, 32
4, 3, 32
45, 2, 32
38, 10, 59
43, 2, 32
42, 2, 32
39, 10, 59
40, 10, 59
38, 2, 32
37, 2, 32
9, 11, 59
35, 2, 32
14, 2, 32
10, 11, 59
11, 11, 59
11, 2, 32
12, 11, 59
37, 11, 59
38, 11, 59
6, 2, 32
39, 11, 59
4, 2, 32
46, 1, 32
40, 11, 59
10, 12, 59
11, 12, 59
12, 12, 59
13, 12, 59
38, 1, 32
36, 12, 59
35, 1, 32
14, 1, 32
37, 12, 59
11, 1, 32
38, 12, 59
39, 12, 59
14, 13, 59
35, 13, 59
14, 14, 59
3, 1, 32
46, 0, 32
45, 0, 32
44, 0, 32
43, 0, 32
42, 0, 32
41, 0, 32
40, 0, 32
39, 0, 32
38, 0, 32
37, 0, 32
36, 0, 32
35, 0, 32
14, 0, 32
13, 0, 32
12, 0, 32
11, 0, 32
10, 0, 32
9, 0, 32
8, 0, 32
7, 0, 32
6, 0, 32
5, 0, 32
4, 0, 32
3, 0, 32
31, 42, 31
30, 42, 31
29, 42, 31
28, 42, 31
27, 42, 31
26, 42, 31
25, 42, 31
24, 42, 31
23, 42, 31
22, 42, 31
21, 42, 31
20, 42, 31
19, 42, 31
18, 42, 31
31, 41, 31
35, 14, 59
15, 15, 59
20, 15, 59
21, 15, 59
22, 15, 59
23, 15, 59
24, 15, 59
25, 15, 59
26, 15, 59
27, 15, 59
28, 15, 59
29, 15, 59
18, 41, 31
32, 40, 31
34, 15, 59
16, 16, 59
17, 16, 59
18, 16, 59
17, 40, 31
32, 39, 31
19, 16, 59
30, 16, 59
17, 39, 31
37, 38, 31
36, 38, 31
35, 38, 31
34, 38, 31
33, 38, 31
31, 16, 59
32, 16, 59
16, 38, 31
15, 38, 31
14, 38, 31
13, 38, 31
12, 38, 31
38, 37, 31
33, 16, 59
15, 2, 60
16, 2, 60
17, 2, 60
18, 2, 60
19, 2, 60
20, 2, 60
21, 2, 60
22, 2, 60
23, 2, 60
11, 37, 31
39, 36, 31
24, 2, 60
25, 2, 60
26, 2, 60
27, 2, 60
28, 2, 60
29, 2, 60
30, 2, 60
10, 36, 31
39, 35, 31
31, 2, 60
32, 2, 60
33, 2, 60
34, 2, 60
14, 3, 60
35, 3, 60
10, 35, 31
39, 34, 31
13, 4, 60
36, 4, 60
13, 5, 60
36, 5, 60
10, 34, 31
39, 33, 31
13, 6, 60
36, 6, 60
12, 7, 60
37, 7, 60
12, 8, 60
37, 8, 60
10, 33, 31
39, 32, 31
12, 9, 60
36, 9, 60
13, 10, 60
36, 10, 60
13, 11, 60
36, 11, 60
10, 32, 31
39, 31, 31
13, 12, 60
35, 12, 60
14, 13, 60
35, 13, 60
14, 14, 60
35, 14, 60
15, 15, 60
19, 15, 60
20, 15, 60
21, 15, 60
22, 15, 60
10, 31, 31
40, 30, 31
23, 15, 60
24, 15, 60
25, 15, 60
26, 15, 60
27, 15, 60
28, 15, 60
29, 15, 60
30, 15, 60
34, 15, 60
16, 16, 60
17, 16, 60
18, 16, 60
9, 30, 31
40, 29, 31
31, 16, 60
32, 16, 60
33, 16, 60
15, 2, 61
16, 2, 61
17, 2, 61
18, 2, 61
19, 2, 61
9, 29, 31
40, 28, 31
20, 2, 61
21, 2, 61
9, 28, 31
40, 27, 31
22, 2, 61
23, 2, 61
9, 27, 31
40, 26, 31
24, 2, 61
25, 2, 61
9, 26, 31
40, 25, 31
26, 2, 61
27, 2, 61
28, 2, 61
9, 25, 31
39, 24, 31
29, 2, 61
30, 2, 61
31, 2, 61
9, 24, 31
39, 23, 31
32, 2, 61
33, 2, 61
34, 2, 61
9, 23, 31
39, 22, 31
14, 3, 61
35, 3, 61
10, 22, 31
39, 21, 31
13, 4, 61
35, 4, 61
10, 21, 31
39, 20, 31
13, 5, 61
36, 5, 61
10, 20, 31
39, 19, 31
13, 6, 61
36, 6, 61
13, 7, 61
36, 7, 61
10, 19, 31
38, 18, 31
12, 8, 61
36, 8, 61
12, 9, 61
36, 9, 61
13, 10, 61
36, 10, 61
13, 11, 61
36, 11, 61
11, 18, 31
37, 17, 31
13, 12, 61
35, 12, 61
14, 13, 61
35, 13, 61
14, 14, 61
35, 14, 61
15, 15, 61
16, 15, 61
12, 17, 31
37, 16, 31
18, 15, 61
19, 15, 61
34, 16, 31
20, 15, 61
21, 15, 61
22, 15, 61
23, 15, 61
24, 15, 61
25, 15, 61
26, 15, 61
27, 15, 61
28, 15, 61
29, 15, 61
30, 15, 61
31, 15, 61
33, 15, 61
34, 15, 61
17, 16, 61
32, 16, 61
15, 2, 62
12, 16, 31
37, 15, 31
16, 2, 62
17, 2, 62
18, 2, 62
33, 15, 31
19, 2, 62
20, 2, 62
21, 2, 62
22, 2, 62
23, 2, 62
24, 2, 62
25, 2, 62
26, 2, 62
27, 2, 62
28, 2, 62
29, 2, 62
30, 2, 62
31, 2, 62
32, 2, 62
33, 2, 62
34, 2, 62
14, 3, 62
15, 15, 31
35, 3, 62
13, 4, 62
12, 15, 31
36, 14, 31
35, 4, 62
13, 5, 62
33, 14, 31
36, 5, 62
13, 6, 62
30, 14, 31
29, 14, 31
28, 14, 31
27, 14, 31
26, 14, 31
25, 14, 31
24, 14, 31
23, 14, 31
22, 14, 31
21, 14, 31
20, 14, 31
19, 14, 31
36, 6, 62
13, 7, 62
16, 14, 31
36, 7, 62
13, 8, 62
12, 14, 31
36, 13, 31
36, 8, 62
34, 13, 31
32, 13, 31
31, 13, 31
30, 13, 31
29, 13, 31
20, 13, 31
19, 13, 31
18, 13, 31
17, 13, 31
15, 13, 31
13, 9, 62
13, 13, 31
35, 12, 31
34, 12, 31
15, 12, 31
14, 12, 31
41, 3, 31
40, 3, 31
9, 3, 31
8, 3, 31
45, 2, 31
44, 2, 31
41, 2, 31
36, 9, 62
39, 2, 31
37, 2, 31
36, 2, 31
35, 2, 31
14, 2, 31
13, 2, 31
12, 2, 31
10, 2, 31
13, 10, 62
36, 10, 62
7, 2, 31
5, 2, 31
4, 2, 31
3, 2, 31
46, 1, 31
13, 11, 62
36, 11, 62
43, 1, 31
42, 1, 31
14, 12, 62
39, 1, 31
37, 1, 31
35, 12, 62
35, 1, 31
14, 1, 31
14, 13, 62
12, 1, 31
10, 1, 31
35, 13, 62
14, 14, 62
6, 1, 31
35, 14, 62
15, 15, 62
3, 1, 31
46, 0, 31
45, 0, 31
44, 0, 31
43, 0, 31
42, 0, 31
41, 0, 31
40, 0, 31
39, 0, 31
38, 0, 31
37, 0, 31
36, 0, 31
35, 0, 31
14, 0, 31
13, 0, 31
12, 0, 31
10, 0, 31
9, 0, 31
8, 0, 31
7, 0, 31
6, 0, 31
5, 0, 31
4, 0, 31
3, 0, 31
30, 43, 30
29, 43, 30
28, 43, 30
27, 43, 30
26, 43, 30
25, 43, 30
24, 43, 30
23, 43, 30
22, 43, 30
21, 43, 30
20, 43, 30
19, 43, 30
31, 42, 30
16, 15, 62
18, 15, 62
19, 15, 62
20, 15, 62
21, 15, 62
22, 15, 62
23, 15, 62
24, 15, 62
25, 15, 62
26, 15, 62
27, 15, 62
28, 15, 62
18, 42, 30
32, 41, 30
29, 15, 62
30, 15, 62
31, 15, 62
33, 15, 62
17, 41, 30
32, 40, 30
34, 15, 62
17, 16, 62
17, 40, 30
32, 39, 30
32, 16, 62
16, 39, 30
37, 38, 30
36, 38, 30
35, 38, 30
34, 38, 30
33, 38, 30
15, 2, 63
16, 2, 63
17, 2, 63
15, 38, 30
14, 38, 30
13, 38, 30
12, 38, 30
38, 37, 30
18, 2, 63
19, 2, 63
20, 2, 63
21, 2, 63
22, 2, 63
23, 2, 63
11, 37, 30
39, 36, 30
24, 2, 63
25, 2, 63
26, 2, 63
27, 2, 63
28, 2, 63
29, 2, 63
10, 36, 30
39, 35, 30
30, 2, 63
31, 2, 63
10, 35, 30
39, 34, 30
32, 2, 63
33, 2, 63
10, 34, 30
39, 33, 30
34, 2, 63
14, 3, 63
10, 33, 30
39, 32, 30
35, 3, 63
14, 4, 63
35, 4, 63
13, 5, 63
36, 5, 63
13, 6, 63
10, 32, 30
39, 31, 30
36, 6, 63
13, 7, 63
36, 7, 63
13, 8, 63
36, 8, 63
13, 9, 63
36, 9, 63
10, 31, 30
40, 30, 30
13, 10, 63
36, 10, 63
13, 11, 63
36, 11, 63
14, 12, 63
35, 12, 63
14, 13, 63
35, 13, 63
9, 30, 30
40, 29, 30
14, 14, 63
34, 14, 63
9, 29, 30
40, 28, 30
15, 15, 63
16, 15, 63
9, 28, 30
40, 27, 30
17, 15, 63
18, 15, 63
19, 15, 63
9, 27, 30
40, 26, 30
20, 15, 63
21, 15, 63
22, 15, 63
9, 26, 30
40, 25, 30
23, 15, 63
24, 15, 63
25, 15, 63
9, 25, 30
40, 24, 30
26, 15, 63
27, 15, 63
28, 15, 63
29, 15, 63
9, 24, 30
39, 23, 30
30, 15, 63
31, 15, 63
32, 15, 63
33, 15, 63
9, 23, 30
39, 22, 30
15, 2, 64
16, 2, 64
10, 22, 30
39, 21, 30
17, 2, 64
18, 2, 64
19, 2, 64
20, 2, 64
10, 21, 30
39, 20, 30
21, 2, 64
22, 2, 64
23, 2, 64
24, 2, 64
10, 20, 30
39, 19, 30
25, 2, 64
26, 2, 64
27, 2, 64
28, 2, 64
29, 2, 64
30, 2, 64
31, 2, 64
32, 2, 64
10, 19, 30
38, 18, 30
33, 2, 64
14, 3, 64
34, 3, 64
35, 3, 64
14, 4, 64
35, 4, 64
13, 5, 64
36, 5, 64
13, 6, 64
36, 6, 64
13, 7, 64
36, 7, 64
13, 8, 64
36, 8, 64
13, 9, 64
36, 9, 64
13, 10, 64
11, 18, 30
38, 17, 30
36, 10, 64
13, 11, 64
34, 17, 30
36, 11, 64
14, 12, 64
35, 12, 64
14, 13, 64
35, 13, 64
15, 14, 64
34, 14, 64
16, 15, 64
17, 15, 64
18, 15, 64
19, 15, 64
20, 15, 64
21, 15, 64
22, 15, 64
23, 15, 64
24, 15, 64
25, 15, 64
26, 15, 64
27, 15, 64
28, 15, 64
29, 15, 64
11, 17, 30
38, 16, 30
30, 15, 64
35, 16, 30
33, 16, 30
31, 15, 64
32, 15, 64
33, 15, 64
29, 16, 30
28, 16, 30
27, 16, 30
26, 16, 30
25, 16, 30
24, 16, 30
23, 16, 30
22, 16, 30
21, 16, 30
16, 2, 65
17, 2, 65
18, 2, 65
19, 2, 65
16, 16, 30
15, 16, 30
20, 2, 65
21, 2, 65
11, 16, 30
38, 15, 30
22, 2, 65
23, 2, 65
34, 15, 30
32, 15, 30
31, 15, 30
30, 15, 30
29, 15, 30
28, 15, 30
27, 15, 30
26, 15, 30
25, 15, 30
24, 15, 30
23, 15, 30
22, 15, 30
21, 15, 30
20, 15, 30
19, 15, 30
18, 15, 30
17, 15, 30
16, 15, 30
14, 15, 30
24, 2, 65
11, 15, 30
38, 14, 30
37, 14, 30
25, 2, 65
26, 2, 65
34, 14, 30
32, 14, 30
31, 14, 30
18, 14, 30
17, 14, 30
15, 14, 30
27, 2, 65
28, 2, 65
29, 2, 65
11, 14, 30
37, 13, 30
30, 2, 65
31, 2, 65
34, 13, 30
15, 13, 30
32, 2, 65
33, 2, 65
12, 13, 30
37, 12, 30
36, 12, 30
14, 3, 65
34, 12, 30
15, 12, 30
15, 3, 65
13, 12, 30
12, 12, 30
36, 11, 30
35, 11, 30
34, 11, 30
33, 11, 30
16, 11, 30
15, 11, 30
14, 11, 30
13, 11, 30
35, 10, 30
34, 10, 30
33, 10, 30
16, 10, 30
15, 10, 30
14, 10, 30
40, 3, 30
9, 3, 30
8, 3, 30
45, 2, 30
44, 2, 30
41, 2, 30
34, 3, 65
39, 2, 30
36, 2, 30
35, 2, 30
13, 2, 30
10, 2, 30
14, 4, 65
8, 2, 30
5, 2, 30
4, 2, 30
46, 1, 30
35, 4, 65
44, 1, 30
42, 1, 30
13, 5, 65
39, 1, 30
37, 1, 30
36, 5, 65
35, 1, 30
14, 1, 30
13, 6, 65
12, 1, 30
10, 1, 30
36, 6, 65
7, 1, 30
5, 1, 30
13, 7, 65
3, 1, 30
46, 0, 30
45, 0, 30
44, 0, 30
43, 0, 30
42, 0, 30
41, 0, 30
40, 0, 30
39, 0, 30
37, 0, 30
36, 0, 30
35, 0, 30
14, 0, 30
13, 0, 30
12, 0, 30
10, 0, 30
9, 0, 30
8, 0, 30
7, 0, 30
5, 0, 30
4, 0, 30
3, 0, 30
24, 44, 29
31, 43, 29
30, 43, 29
29, 43, 29
28, 43, 29
27, 43, 29
26, 43, 29
25, 43, 29
36, 7, 65
23, 43, 29
22, 43, 29
21, 43, 29
20, 43, 29
19, 43, 29
18, 43, 29
32, 42, 29
13, 8, 65
36, 8, 65
13, 9, 65
36, 9, 65
13, 10, 65
36, 10, 65
13, 11, 65
36, 11, 65
14, 12, 65
35, 12, 65
14, 13, 65
35, 13, 65
15, 14, 65
34, 14, 65
17, 42, 29
32, 41, 29
16, 15, 65
17, 15, 65
18, 15, 65
17, 41, 29
32, 40, 29
19, 15, 65
20, 15, 65
17, 40, 29
33, 39, 29
21, 15, 65
22, 15, 65
16, 39, 29
37, 38, 29
36, 38, 29
35, 38, 29
34, 38, 29
23, 15, 65
24, 15, 65
25, 15, 65
26, 15, 65
15, 38, 29
14, 38, 29
13, 38, 29
12, 38, 29
38, 37, 29
27, 15, 65
28, 15, 65
29, 15, 65
30, 15, 65
31, 15, 65
32, 15, 65
11, 37, 29
39, 36, 29
33, 15, 65
16, 2, 66
17, 2, 66
18, 2, 66
19, 2, 66
20, 2, 66
10, 36, 29
39, 35, 29
21, 2, 66
22, 2, 66
10, 35, 29
39, 34, 29
23, 2, 66
24, 2, 66
10, 34, 29
39, 33, 29
25, 2, 66
26, 2, 66
10, 33, 29
39, 32, 29
27, 2, 66
28, 2, 66
29, 2, 66
30, 2, 66
31, 2, 66
32, 2, 66
10, 32, 29
39, 31, 29
33, 2, 66
14, 3, 66
15, 3, 66
34, 3, 66
14, 4, 66
35, 4, 66
10, 31, 29
40, 30, 29
13, 5, 66
36, 5, 66
13, 6, 66
36, 6, 66
13, 7, 66
36, 7, 66
13, 8, 66
36, 8, 66
9, 30, 29
40, 29, 29
13, 9, 66
36, 9, 66
9, 29, 29
40, 28, 29
13, 10, 66
36, 10, 66
9, 28, 29
40, 27, 29
13, 11, 66
35, 11, 66
14, 12, 66
35, 12, 66
9, 27, 29
40, 26, 29
14, 13, 66
35, 13, 66
15, 14, 66
24, 14, 66
25, 14, 66
9, 26, 29
40, 25, 29
34, 14, 66
16, 15, 66
17, 15, 66
18, 15, 66
19, 15, 66
9, 25, 29
40, 24, 29
20, 15, 66
21, 15, 66
22, 15, 66
23, 15, 66
26, 15, 66
27, 15, 66
9, 24, 29
39, 23, 29
28, 15, 66
29, 15, 66
30, 15, 66
31, 15, 66
32, 15, 66
9, 23, 29
39, 22, 29
33, 15, 66
16, 2, 67
17, 2, 67
18, 2, 67
19, 2, 67
20, 2, 67
10, 22, 29
39, 21, 29
21, 2, 67
22, 2, 67
23, 2, 67
24, 2, 67
25, 2, 67
26, 2, 67
27, 2, 67
28, 2, 67
10, 21, 29
39, 20, 29
29, 2, 67
33, 20, 29
30, 2, 67
31, 2, 67
32, 2, 67
33, 2, 67
14, 3, 67
15, 3, 67
34, 3, 67
14, 4, 67
35, 4, 67
13, 5, 67
36, 5, 67
13, 6, 67
36, 6, 67
13, 7, 67
36, 7, 67
13, 8, 67
10, 20, 29
39, 19, 29
36, 8, 67
12, 9, 67
33, 19, 29
37, 9, 67
11, 10, 67
12, 10, 67
37, 10, 67
38, 10, 67
11, 11, 67
12, 11, 67
13, 11, 67
36, 11, 67
37, 11, 67
38, 11, 67
14, 12, 67
35, 12, 67
14, 13, 67
35, 13, 67
15, 14, 67
16, 19, 29
24, 14, 67
25, 14, 67
10, 19, 29
38, 18, 29
34, 14, 67
16, 15, 67
33, 18, 29
32, 18, 29
17, 15, 67
18, 15, 67
29, 18, 29
28, 18, 29
27, 18, 29
26, 18, 29
25, 18, 29
24, 18, 29
23, 18, 29
22, 18, 29
21, 18, 29
19, 15, 67
20, 15, 67
21, 15, 67
22, 15, 67
16, 18, 29
23, 15, 67
26, 15, 67
11, 18, 29
38, 17, 29
27, 15, 67
28, 15, 67
34, 17, 29
33, 17, 29
32, 17, 29
31, 17, 29
30, 17, 29
29, 17, 29
28, 17, 29
27, 17, 29
26, 17, 29
25, 17, 29
24, 17, 29
23, 17, 29
22, 17, 29
21, 17, 29
20, 17, 29
19, 17, 29
18, 17, 29
17, 17, 29
16, 17, 29
15, 17, 29
29, 15, 67
30, 15, 67
11, 17, 29
38, 16, 29
31, 15, 67
35, 16, 29
32, 16, 29
31, 16, 29
30, 16, 29
20, 16, 29
19, 16, 29
18, 16, 29
17, 16, 29
14, 16, 29
32, 15, 67
11, 16, 29
38, 15, 29
33, 15, 67
35, 15, 29
14, 15, 29
17, 2, 68
11, 15, 29
37, 14, 29
18, 2, 68
19, 2, 68
34, 14, 29
15, 14, 29
20, 2, 68
21, 2, 68
12, 14, 29
37, 13, 29
22, 2, 68
23, 2, 68
34, 13, 29
15, 13, 29
24, 2, 68
25, 2, 68
12, 13, 29
36, 12, 29
26, 2, 68
34, 12, 29
15, 12, 29
27, 2, 68
13, 12, 29
36, 11, 29
35, 11, 29
34, 11, 29
33, 11, 29
16, 11, 29
15, 11, 29
14, 11, 29
13, 11, 29
35, 10, 29
34, 10, 29
33, 10, 29
16, 10, 29
15, 10, 29
14, 10, 29
41, 2, 29
40, 2, 29
9, 2, 29
8, 2, 29
46, 1, 29
45, 1, 29
44, 1, 29
41, 1, 29
28, 2, 68
39, 1, 29
36, 1, 29
35, 1, 29
14, 1, 29
13, 1, 29
10, 1, 29
29, 2, 68
8, 1, 29
5, 1, 29
4, 1, 29
3, 1, 29
46, 0, 29
45, 0, 29
44, 0, 29
42, 0, 29
41, 0, 29
40, 0, 29
39, 0, 29
37, 0, 29
36, 0, 29
35, 0, 29
14, 0, 29
13, 0, 29
12, 0, 29
10, 0, 29
9, 0, 29
8, 0, 29
7, 0, 29
5, 0, 29
4, 0, 29
3, 0, 29
30, 44, 28
29, 44, 28
28, 44, 28
27, 44, 28
26, 44, 28
25, 44, 28
24, 44, 28
23, 44, 28
22, 44, 28
21, 44, 28
20, 44, 28
19, 44, 28
31, 43, 28
30, 2, 68
31, 2, 68
32, 2, 68
15, 3, 68
16, 3, 68
33, 3, 68
34, 3, 68
14, 4, 68
35, 4, 68
13, 5, 68
36, 5, 68
13, 6, 68
18, 43, 28
32, 42, 28
36, 6, 68
13, 7, 68
36, 7, 68
12, 8, 68
17, 42, 28
32, 41, 28
37, 8, 68
10, 9, 68
17, 41, 28
32, 40, 28
11, 9, 68
17, 40, 28
33, 39, 28
38, 9, 68
39, 9, 68
16, 39, 28
37, 38, 28
36, 38, 28
35, 38, 28
34, 38, 28
9, 10, 68
10, 10, 68
39, 10, 68
40, 10, 68
15, 38, 28
14, 38, 28
13, 38, 28
12, 38, 28
38, 37, 28
7, 11, 68
8, 11, 68
9, 11, 68
10, 11, 68
39, 11, 68
40, 11, 68
41, 11, 68
42, 11, 68
6, 12, 68
7, 12, 68
11, 37, 28
39, 36, 28
8, 12, 68
9, 12, 68
10, 12, 68
11, 12, 68
12, 12, 68
10, 36, 28
39, 35, 28
13, 12, 68
36, 12, 68
37, 12, 68
38, 12, 68
39, 12, 68
40, 12, 68
10, 35, 28
39, 34, 28
41, 12, 68
42, 12, 68
43, 12, 68
5, 13, 68
10, 34, 28
39, 33, 28
6, 13, 68
7, 13, 68
8, 13, 68
9, 13, 68
10, 13, 68
14, 13, 68
10, 33, 28
39, 32, 28
35, 13, 68
39, 13, 68
40, 13, 68
41, 13, 68
42, 13, 68
43, 13, 68
44, 13, 68
10, 32, 28
39, 31, 28
15, 14, 68
24, 14, 68
25, 14, 68
34, 14, 68
16, 15, 68
17, 15, 68
18, 15, 68
19, 15, 68
20, 15, 68
21, 15, 68
10, 31, 28
40, 30, 28
22, 15, 68
23, 15, 68
26, 15, 68
27, 15, 68
28, 15, 68
29, 15, 68
30, 15, 68
31, 15, 68
32, 15, 68
33, 15, 68
17, 2, 69
18, 2, 69
9, 30, 28
40, 29, 28
19, 2, 69
20, 2, 69
21, 2, 69
22, 2, 69
23, 2, 69
24, 2, 69
25, 2, 69
26, 2, 69
9, 29, 28
40, 28, 28
27, 2, 69
28, 2, 69
29, 2, 69
30, 2, 69
9, 28, 28
40, 27, 28
31, 2, 69
15, 3, 69
16, 3, 69
32, 3, 69
33, 3, 69
9, 27, 28
40, 26, 28
34, 3, 69
14, 4, 69
35, 4, 69
13, 5, 69
36, 5, 69
13, 6, 69
9, 26, 28
40, 25, 28
36, 6, 69
13, 7, 69
36, 7, 69
11, 8, 69
12, 8, 69
37, 8, 69
9, 25, 28
40, 24, 28
38, 8, 69
10, 9, 69
39, 9, 69
8, 10, 69
9, 10, 69
40, 10, 69
41, 10, 69
6, 11, 69
9, 24, 28
39, 23, 28
7, 11, 69
33, 23, 28
42, 11, 69
5, 12, 69
12, 12, 69
13, 12, 69
36, 12, 69
37, 12, 69
43, 12, 69
44, 12, 69
3, 13, 69
4, 13, 69
7, 13, 69
8, 13, 69
16, 23, 28
9, 13, 69
10, 13, 69
9, 23, 28
39, 22, 28
11, 13, 69
33, 22, 28
14, 13, 69
35, 13, 69
38, 13, 69
39, 13, 69
40, 13, 69
41, 13, 69
42, 13, 69
45, 13, 69
46, 13, 69
2, 14, 69
3, 14, 69
4, 14, 69
5, 14, 69
6, 14, 69
15, 14, 69
23, 14, 69
16, 22, 28
24, 14, 69
10, 22, 28
39, 21, 28
25, 14, 69
33, 21, 28
32, 21, 28
26, 14, 69
34, 14, 69
43, 14, 69
44, 14, 69
27, 21, 28
26, 21, 28
25, 21, 28
24, 21, 28
23, 21, 28
22, 21, 28
45, 14, 69
46, 14, 69
47, 14, 69
16, 15, 69
17, 21, 28
16, 21, 28
17, 15, 69
10, 21, 28
39, 20, 28
34, 20, 28
32, 20, 28
18, 15, 69
19, 15, 69
29, 20, 28
28, 20, 28
27, 20, 28
26, 20, 28
25, 20, 28
24, 20, 28
23, 20, 28
22, 20, 28
21, 20, 28
20, 20, 28
20, 15, 69
21, 15, 69
17, 20, 28
16, 20, 28
22, 15, 69
10, 20, 28
39, 19, 28
27, 15, 69
34, 19, 28
32, 19, 28
31, 19, 28
30, 19, 28
29, 19, 28
28, 19, 28
27, 19, 28
26, 19, 28
25, 19, 28
24, 19, 28
23, 19, 28
22, 19, 28
21, 19, 28
20, 19, 28
19, 19, 28
18, 19, 28
17, 19, 28
15, 19, 28
28, 15, 69
10, 19, 28
38, 18, 28
29, 15, 69
34, 18, 28
31, 18, 28
30, 18, 28
20, 18, 28
19, 18, 28
18, 18, 28
17, 18, 28
15, 18, 28
30, 15, 69
11, 18, 28
37, 17, 28
31, 15, 69
32, 15, 69
34, 17, 28
15, 17, 28
33, 15, 69
15, 3, 70
12, 17, 28
37, 16, 28
16, 3, 70
35, 16, 28
14, 16, 28
17, 3, 70
12, 16, 28
37, 15, 28
18, 3, 70
35, 15, 28
14, 15, 28
19, 3, 70
12, 15, 28
36, 14, 28
20, 3, 70
34, 14, 28
15, 14, 28
21, 3, 70
22, 3, 70
12, 14, 28
36, 13, 28
23, 3, 70
34, 13, 28
15, 13, 28
24, 3, 70
13, 13, 28
35, 12, 28
34, 12, 28
15, 12, 28
14, 12, 28
40, 2, 28
9, 2, 28
8, 2, 28
45, 1, 28
41, 1, 28
25, 3, 70
39, 1, 28
36, 1, 28
35, 1, 28
14, 1, 28
13, 1, 28
10, 1, 28
26, 3, 70
8, 1, 28
4, 1, 28
46, 0, 28
45, 0, 28
44, 0, 28
41, 0, 28
40, 0, 28
39, 0, 28
36, 0, 28
35, 0, 28
14, 0, 28
13, 0, 28
10, 0, 28
9, 0, 28
8, 0, 28
5, 0, 28
4, 0, 28
3, 0, 28
30, 44, 27
29, 44, 27
28, 44, 27
27, 44, 27
26, 44, 27
25, 44, 27
24, 44, 27
23, 44, 27
22, 44, 27
21, 44, 27
20, 44, 27
19, 44, 27
18, 44, 27
31, 43, 27
27, 3, 70
28, 3, 70
29, 3, 70
30, 3, 70
31, 3, 70
32, 3, 70
33, 3, 70
18, 43, 27
32, 42, 27
34, 3, 70
14, 4, 70
35, 4, 70
17, 42, 27
32, 41, 27
13, 5, 70
36, 5, 70
17, 41, 27
32, 40, 27
17, 40, 27
33, 39, 27
13, 6, 70
36, 6, 70
16, 39, 27
36, 38, 27
35, 38, 27
34, 38, 27
13, 7, 70
36, 7, 70
11, 8, 70
12, 8, 70
15, 38, 27
14, 38, 27
13, 38, 27
38, 37, 27
37, 37, 27
37, 8, 70
38, 8, 70
10, 9, 70
39, 9, 70
8, 10, 70
9, 10, 70
40, 10, 70
41, 10, 70
7, 11, 70
8, 11, 70
12, 37, 27
11, 37, 27
38, 36, 27
41, 11, 70
42, 11, 70
5, 12, 70
6, 12, 70
7, 12, 70
8, 12, 70
12, 12, 70
11, 36, 27
39, 35, 27
13, 12, 70
36, 12, 70
37, 12, 70
41, 12, 70
42, 12, 70
43, 12, 70
10, 35, 27
39, 34, 27
44, 12, 70
4, 13, 70
5, 13, 70
6, 13, 70
7, 13, 70
10, 34, 27
39, 33, 27
8, 13, 70
9, 13, 70
10, 13, 70
11, 13, 70
14, 13, 70
35, 13, 70
10, 33, 27
38, 32, 27
38, 13, 70
39, 13, 70
40, 13, 70
41, 13, 70
42, 13, 70
43, 13, 70
44, 13, 70
45, 13, 70
11, 32, 27
39, 31, 27
38, 31, 27
37, 31, 27
3, 14, 70
4, 14, 70
5, 14, 70
6, 14, 70
15, 14, 70
23, 14, 70
24, 14, 70
25, 14, 70
12, 31, 27
11, 31, 27
10, 31, 27
39, 30, 27
26, 14, 70
34, 14, 70
36, 30, 27
35, 30, 27
43, 14, 70
44, 14, 70
45, 14, 70
16, 15, 70
14, 30, 27
13, 30, 27
17, 15, 70
18, 15, 70
10, 30, 27
40, 29, 27
19, 15, 70
20, 15, 70
21, 15, 70
35, 29, 27
34, 29, 27
22, 15, 70
27, 15, 70
28, 15, 70
29, 15, 70
14, 29, 27
30, 15, 70
31, 15, 70
32, 15, 70
33, 15, 70
9, 29, 27
40, 28, 27
15, 3, 71
16, 3, 71
17, 3, 71
18, 3, 71
34, 28, 27
19, 3, 71
20, 3, 71
21, 3, 71
22, 3, 71
15, 28, 27
23, 3, 71
24, 3, 71
25, 3, 71
26, 3, 71
9, 28, 27
40, 27, 27
27, 3, 71
28, 3, 71
34, 27, 27
33, 27, 27
29, 3, 71
30, 3, 71
31, 3, 71
32, 3, 71
33, 3, 71
15, 27, 27
34, 3, 71
14, 4, 71
9, 27, 27
40, 26, 27
35, 4, 71
13, 5, 71
35, 5, 71
33, 26, 27
13, 6, 71
36, 6, 71
13, 7, 71
36, 7, 71
12, 8, 71
37, 8, 71
11, 9, 71
12, 9, 71
37, 9, 71
38, 9, 71
16, 26, 27
15, 26, 27
10, 10, 71
11, 10, 71
9, 26, 27
40, 25, 27
12, 10, 71
37, 10, 71
33, 25, 27
32, 25, 27
38, 10, 71
39, 10, 71
9, 11, 71
10, 11, 71
11, 11, 71
12, 11, 71
13, 11, 71
36, 11, 71
37, 11, 71
38, 11, 71
39, 11, 71
40, 11, 71
9, 12, 71
10, 12, 71
17, 25, 27
16, 25, 27
11, 12, 71
12, 12, 71
13, 12, 71
9, 25, 27
40, 24, 27
35, 12, 71
36, 12, 71
33, 24, 27
32, 24, 27
37, 12, 71
38, 12, 71
39, 12, 71
40, 12, 71
14, 13, 71
34, 13, 71
25, 24, 27
24, 24, 27
15, 14, 71
23, 14, 71
24, 14, 71
25, 14, 71
26, 14, 71
34, 14, 71
17, 24, 27
16, 24, 27
16, 15, 71
17, 15, 71
9, 24, 27
39, 23, 27
34, 23, 27
32, 23, 27
31, 23, 27
18, 15, 71
19, 15, 71
28, 23, 27
27, 23, 27
26, 23, 27
25, 23, 27
24, 23, 27
23, 23, 27
22, 23, 27
21, 23, 27
20, 15, 71
21, 15, 71
18, 23, 27
17, 23, 27
15, 23, 27
10, 23, 27
39, 22, 27
34, 22, 27
32, 22, 27
31, 22, 27
30, 22, 27
29, 22, 27
28, 22, 27
27, 22, 27
26, 22, 27
25, 22, 27
24, 22, 27
23, 22, 27
22, 22, 27
21, 22, 27
20, 22, 27
19, 22, 27
18, 22, 27
17, 22, 27
15, 22, 27
10, 22, 27
39, 21, 27
34, 21, 27
31, 21, 27
30, 21, 27
29, 21, 27
28, 21, 27
21, 21, 27
20, 21, 27
19, 21, 27
18, 21, 27
15, 21, 27
10, 21, 27
39, 20, 27
34, 20, 27
31, 20, 27
30, 20, 27
19, 20, 27
18, 20, 27
15, 20, 27
10, 20, 27
39, 19, 27
22, 15, 71
34, 19, 27
15, 19, 27
27, 15, 71
10, 19, 27
38, 18, 27
28, 15, 71
34, 18, 27
15, 18, 27
29, 15, 71
11, 18, 27
38, 17, 27
30, 15, 71
31, 15, 71
32, 15, 71
34, 17, 27
15, 17, 27
33, 15, 71
15, 3, 72
16, 3, 72
11, 17, 27
37, 16, 27
17, 3, 72
35, 16, 27
14, 16, 27
18, 3, 72
12, 16, 27
37, 15, 27
19, 3, 72
35, 15, 27
14, 15, 27
20, 3, 72
12, 15, 27
37, 14, 27
21, 3, 72
22, 3, 72
34, 14, 27
15, 14, 27
23, 3, 72
24, 3, 72
12, 14, 27
36, 13, 27
25, 3, 72
34, 13, 27
15, 13, 27
26, 3, 72
27, 3, 72
12, 13, 27
36, 12, 27
28, 3, 72
34, 12, 27
15, 12, 27
29, 3, 72
13, 12, 27
35, 11, 27
34, 11, 27
33, 11, 27
15, 11, 27
14, 11, 27
41, 1, 27
40, 1, 27
9, 1, 27
8, 1, 27
46, 0, 27
45, 0, 27
41, 0, 27
40, 0, 27
39, 0, 27
36, 0, 27
35, 0, 27
14, 0, 27
13, 0, 27
9, 0, 27
8, 0, 27
4, 0, 27
3, 0, 27
30, 45, 26
29, 45, 26
28, 45, 26
27, 45, 26
26, 45, 26
25, 45, 26
24, 45, 26
23, 45, 26
22, 45, 26
21, 45, 26
20, 45, 26
19, 45, 26
31, 44, 26
30, 3, 72
31, 3, 72
32, 3, 72
33, 3, 72
34, 3, 72
14, 4, 72
35, 4, 72
13, 5, 72
35, 5, 72
13, 6, 72
36, 6, 72
13, 7, 72
18, 44, 26
32, 43, 26
36, 7, 72
13, 8, 72
36, 8, 72
13, 9, 72
17, 43, 26
32, 42, 26
36, 9, 72
13, 10, 72
17, 42, 26
32, 41, 26
36, 10, 72
14, 11, 72
17, 41, 26
33, 40, 26
35, 11, 72
14, 12, 72
16, 40, 26
33, 39, 26
35, 12, 72
14, 13, 72
16, 39, 26
33, 38, 26
34, 13, 72
15, 14, 72
16, 38, 26
37, 37, 26
36, 37, 26
35, 37, 26
34, 37, 26
23, 14, 72
24, 14, 72
15, 37, 26
14, 37, 26
13, 37, 26
12, 37, 26
37, 36, 26
36, 36, 26
35, 36, 26
25, 14, 72
26, 14, 72
34, 14, 72
16, 15, 72
14, 36, 26
13, 36, 26
12, 36, 26
11, 36, 26
38, 35, 26
37, 35, 26
36, 35, 26
17, 15, 72
18, 15, 72
19, 15, 72
20, 15, 72
21, 15, 72
22, 15, 72
27, 15, 72
13, 35, 26
12, 35, 26
11, 35, 26
38, 34, 26
37, 34, 26
28, 15, 72
29, 15, 72
30, 15, 72
31, 15, 72
32, 15, 72
33, 15, 72
15, 3, 73
16, 3, 73
12, 34, 26
11, 34, 26
38, 33, 26
37, 33, 26
17, 3, 73
18, 3, 73
19, 3, 73
20, 3, 73
21, 3, 73
22, 3, 73
23, 3, 73
24, 3, 73
25, 3, 73
12, 33, 26
11, 33, 26
37, 32, 26
36, 32, 26
35, 32, 26
26, 3, 73
27, 3, 73
28, 3, 73
29, 3, 73
14, 32, 26
13, 32, 26
12, 32, 26
11, 32, 26
36, 31, 26
35, 31, 26
30, 3, 73
31, 3, 73
32, 3, 73
33, 3, 73
14, 31, 26
13, 31, 26
39, 30, 26
38, 30, 26
37, 30, 26
34, 30, 26
14, 4, 73
34, 4, 73
15, 30, 26
12, 30, 26
11, 30, 26
10, 30, 26
39, 29, 26
35, 4, 73
37, 29, 26
36, 29, 26
33, 29, 26
14, 5, 73
35, 5, 73
13, 6, 73
15, 29, 26
13, 29, 26
12, 29, 26
36, 6, 73
10, 29, 26
39, 28, 26
13, 7, 73
36, 7, 73
36, 28, 26
35, 28, 26
33, 28, 26
13, 8, 73
36, 8, 73
13, 9, 73
36, 9, 73
13, 10, 73
36, 10, 73
14, 11, 73
35, 11, 73
14, 12, 73
35, 12, 73
14, 13, 73
34, 13, 73
15, 14, 73
24, 14, 73
16, 28, 26
14, 28, 26
13, 28, 26
25, 14, 73
34, 14, 73
10, 28, 26
39, 27, 26
16, 15, 73
17, 15, 73
35, 27, 26
32, 27, 26
18, 15, 73
19, 15, 73
20, 15, 73
21, 15, 73
22, 15, 73
23, 15, 73
26, 15, 73
27, 15, 73
28, 15, 73
29, 15, 73
30, 15, 73
31, 15, 73
32, 15, 73
33, 15, 73
17, 27, 26
16, 27, 26
14, 27, 26
16, 3, 74
17, 3, 74
10, 27, 26
39, 26, 26
18, 3, 74
34, 26, 26
32, 26, 26
31, 26, 26
19, 3, 74
20, 3, 74
21, 3, 74
27, 26, 26
26, 26, 26
25, 26, 26
24, 26, 26
23, 26, 26
22, 26, 26
22, 3, 74
23, 3, 74
24, 3, 74
18, 26, 26
17, 26, 26
14, 26, 26
10, 26, 26
39, 25, 26
25, 3, 74
34, 25, 26
31, 25, 26
30, 25, 26
29, 25, 26
28, 25, 26
27, 25, 26
26, 25, 26
25, 25, 26
24, 25, 26
23, 25, 26
22, 25, 26
21, 25, 26
20, 25, 26
19, 25, 26
18, 25, 26
15, 25, 26
26, 3, 74
10, 25, 26
39, 24, 26
34, 24, 26
31, 24, 26
30, 24, 26
29, 24, 26
28, 24, 26
27, 24, 26
26, 24, 26
23, 24, 26
22, 24, 26
21, 24, 26
20, 24, 26
19, 24, 26
18, 24, 26
15, 24, 26
10, 24, 26
39, 23, 26
34, 23, 26
30, 23, 26
29, 23, 26
20, 23, 26
19, 23, 26
15, 23, 26
10, 23, 26
39, 22, 26
34, 22, 26
15, 22, 26
10, 22, 26
39, 21, 26
34, 21, 26
15, 21, 26
10, 21, 26
39, 20, 26
34, 20, 26
15, 20, 26
10, 20, 26
39, 19, 26
27, 3, 74
34, 19, 26
15, 19, 26
28, 3, 74
10, 19, 26
38, 18, 26
29, 3, 74
30, 3, 74
34, 18, 26
15, 18, 26
31, 3, 74
32, 3, 74
11, 18, 26
38, 17, 26
33, 3, 74
14, 4, 74
34, 17, 26
15, 17, 26
15, 4, 74
34, 4, 74
11, 17, 26
38, 16, 26
35, 4, 74
35, 16, 26
14, 16, 26
14, 5, 74
11, 16, 26
38, 15, 26
35, 5, 74
35, 15, 26
14, 15, 26
13, 6, 74
11, 15, 26
37, 14, 26
36, 6, 74
13, 7, 74
34, 14, 26
15, 14, 26
36, 7, 74
13, 8, 74
12, 14, 26
37, 13, 26
36, 8, 74
34, 13, 26
15, 13, 26
13, 9, 74
36, 9, 74
12, 13, 26
36, 12, 26
13, 10, 74
34, 12, 26
15, 12, 26
36, 10, 74
13, 12, 26
35, 11, 26
14, 11, 74
33, 11, 26
16, 11, 26
35, 11, 74
14, 11, 26
13, 11, 26
34, 10, 26
33, 10, 26
16, 10, 26
15, 10, 26
40, 1, 26
9, 1, 26
41, 0, 26
40, 0, 26
9, 0, 26
8, 0, 26
30, 45, 25
29, 45, 25
28, 45, 25
27, 45, 25
26, 45, 25
25, 45, 25
24, 45, 25
23, 45, 25
22, 45, 25
21, 45, 25
20, 45, 25
19, 45, 25
31, 44, 25
14, 12, 74
35, 12, 74
14, 13, 74
34, 13, 74
15, 14, 74
24, 14, 74
25, 14, 74
34, 14, 74
16, 15, 74
17, 15, 74
18, 15, 74
19, 15, 74
18, 44, 25
32, 43, 25
20, 15, 74
21, 15, 74
22, 15, 74
23, 15, 74
17, 43, 25
32, 42, 25
26, 15, 74
27, 15, 74
17, 42, 25
32, 41, 25
28, 15, 74
17, 41, 25
33, 40, 25
29, 15, 74
30, 15, 74
16, 40, 25
33, 39, 25
31, 15, 74
32, 15, 74
16, 39, 25
33, 38, 25
33, 15, 74
17, 3, 75
16, 38, 25
33, 37, 25
16, 37, 25
34, 36, 25
18, 3, 75
19, 3, 75
15, 36, 25
35, 35, 25
20, 3, 75
21, 3, 75
22, 3, 75
23, 3, 75
14, 35, 25
36, 34, 25
35, 34, 25
24, 3, 75
25, 3, 75
26, 3, 75
27, 3, 75
14, 34, 25
13, 34, 25
36, 33, 25
35, 33, 25
28, 3, 75
29, 3, 75
30, 3, 75
31, 3, 75
14, 33, 25
13, 33, 25
34, 32, 25
32, 3, 75
14, 4, 75
15, 32, 25
34, 31, 25
15, 4, 75
16, 4, 75
15, 31, 25
33, 30, 25
33, 4, 75
34, 4, 75
14, 5, 75
15, 30, 25
38, 29, 25
33, 29, 25
35, 5, 75
13, 6, 75
36, 6, 75
13, 7, 75
36, 7, 75
13, 8, 75
36, 8, 75
13, 9, 75
36, 9, 75
13, 10, 75
36, 10, 75
14, 11, 75
35, 11, 75
16, 29, 25
11, 29, 25
39, 28, 25
38, 28, 25
37, 28, 25
32, 28, 25
14, 12, 75
35, 12, 75
14, 13, 75
34, 13, 75
15, 14, 75
34, 14, 75
16, 15, 75
17, 15, 75
18, 15, 75
19, 15, 75
20, 15, 75
21, 15, 75
22, 15, 75
23, 15, 75
17, 28, 25
12, 28, 25
11, 28, 25
10, 28, 25
39, 27, 25
38, 27, 25
37, 27, 25
36, 27, 25
35, 27, 25
31, 27, 25
30, 27, 25
29, 27, 25
28, 27, 25
27, 27, 25
26, 27, 25
25, 27, 25
24, 27, 25
23, 27, 25
22, 27, 25
21, 27, 25
20, 27, 25
19, 27, 25
18, 27, 25
14, 27, 25
13, 27, 25
12, 27, 25
11, 27, 25
10, 27, 25
39, 26, 25
24, 15, 75
25, 15, 75
26, 15, 75
35, 26, 25
30, 26, 25
29, 26, 25
28, 26, 25
21, 26, 25
20, 26, 25
19, 26, 25
14, 26, 25
27, 15, 75
28, 15, 75
29, 15, 75
10, 26, 25
39, 25, 25
30, 15, 75
34, 25, 25
15, 25, 25
31, 15, 75
32, 15, 75
10, 25, 25
39, 24, 25
33, 15, 75
34, 24, 25
15, 24, 25
18, 3, 76
10, 24, 25
39, 23, 25
19, 3, 76
20, 3, 76
34, 23, 25
15, 23, 25
21, 3, 76
10, 23, 25
39, 22, 25
22, 3, 76
34, 22, 25
15, 22, 25
10, 22, 25
39, 21, 25
23, 3, 76
34, 21, 25
15, 21, 25
24, 3, 76
10, 21, 25
39, 20, 25
25, 3, 76
34, 20, 25
15, 20, 25
26, 3, 76
10, 20, 25
38, 19, 25
27, 3, 76
34, 19, 25
15, 19, 25
28, 3, 76
29, 3, 76
10, 19, 25
38, 18, 25
30, 3, 76
15, 4, 76
34, 18, 25
15, 18, 25
16, 4, 76
17, 4, 76
31, 4, 76
11, 18, 25
37, 17, 25
32, 4, 76
35, 17, 25
14, 17, 25
33, 4, 76
12, 17, 25
37, 16, 25
34, 4, 76
35, 16, 25
14, 16, 25
14, 5, 76
12, 16, 25
37, 15, 25
35, 5, 76
35, 15, 25
14, 15, 25
13, 6, 76
12, 15, 25
37, 14, 25
36, 6, 76
13, 7, 76
34, 14, 25
14, 14, 25
36, 7, 76
12, 14, 25
36, 13, 25
13, 8, 76
34, 13, 25
15, 13, 25
36, 8, 76
13, 13, 25
35, 12, 25
34, 12, 25
15, 12, 25
14, 12, 25
34, 11, 25
15, 11, 25
40, 0, 25
9, 0, 25
24, 46, 24
23, 46, 24
22, 46, 24
30, 45, 24
29, 45, 24
28, 45, 24
27, 45, 24
26, 45, 24
25, 45, 24
13, 9, 76
36, 9, 76
13, 10, 76
21, 45, 24
20, 45, 24
19, 45, 24
18, 45, 24
31, 44, 24
35, 10, 76
14, 11, 76
18, 44, 24
32, 43, 24
35, 11, 76
14, 12, 76
35, 12, 76
17, 43, 24
32, 42, 24
15, 13, 76
34, 13, 76
17, 42, 24
32, 41, 24
15, 14, 76
16, 41, 24
36, 40, 24
35, 40, 24
34, 40, 24
33, 40, 24
34, 14, 76
16, 15, 76
17, 15, 76
15, 40, 24
14, 40, 24
13, 40, 24
37, 39, 24
36, 39, 24
35, 39, 24
34, 39, 24
18, 15, 76
19, 15, 76
20, 15, 76
21, 15, 76
15, 39, 24
14, 39, 24
13, 39, 24
12, 39, 24
36, 38, 24
35, 38, 24
34, 38, 24
22, 15, 76
23, 15, 76
24, 15, 76
25, 15, 76
15, 38, 24
14, 38, 24
13, 38, 24
33, 37, 24
26, 15, 76
27, 15, 76
16, 37, 24
34, 36, 24
28, 15, 76
29, 15, 76
15, 36, 24
34, 35, 24
30, 15, 76
31, 15, 76
15, 35, 24
34, 34, 24
32, 15, 76
33, 15, 76
15, 34, 24
34, 33, 24
15, 4, 77
16, 4, 77
15, 33, 24
33, 32, 24
17, 4, 77
18, 4, 77
19, 4, 77
15, 32, 24
33, 31, 24
20, 4, 77
21, 4, 77
16, 31, 24
33, 30, 24
22, 4, 77
23, 4, 77
24, 4, 77
25, 4, 77
26, 4, 77
27, 4, 77
28, 4, 77
29, 4, 77
30, 4, 77
31, 4, 77
16, 30, 24
32, 29, 24
32, 4, 77
33, 4, 77
34, 4, 77
14, 5, 77
35, 5, 77
13, 6, 77
35, 6, 77
13, 7, 77
36, 7, 77
13, 8, 77
36, 8, 77
13, 9, 77
36, 9, 77
13, 10, 77
17, 29, 24
31, 28, 24
30, 28, 24
29, 28, 24
28, 28, 24
27, 28, 24
26, 28, 24
25, 28, 24
24, 28, 24
23, 28, 24
22, 28, 24
21, 28, 24
20, 28, 24
19, 28, 24
18, 28, 24
39, 26, 24
38, 26, 24
37, 26, 24
36, 26, 24
13, 26, 24
12, 26, 24
11, 26, 24
10, 26, 24
39, 25, 24
38, 25, 24
37, 25, 24
35, 10, 77
35, 25, 24
14, 25, 24
14, 11, 77
12, 25, 24
11, 25, 24
10, 25, 24
39, 24, 24
38, 24, 24
35, 11, 77
14, 12, 77
35, 24, 24
14, 24, 24
35, 12, 77
15, 13, 77
11, 24, 24
10, 24, 24
39, 23, 24
38, 23, 24
34, 13, 77
15, 14, 77
35, 23, 24
34, 23, 24
15, 23, 24
14, 23, 24
34, 14, 77
16, 15, 77
11, 23, 24
10, 23, 24
38, 22, 24
17, 15, 77
18, 15, 77
34, 22, 24
15, 22, 24
19, 15, 77
20, 15, 77
11, 22, 24
10, 22, 24
38, 21, 24
21, 15, 77
22, 15, 77
34, 21, 24
15, 21, 24
23, 15, 77
24, 15, 77
11, 21, 24
38, 20, 24
37, 20, 24
25, 15, 77
26, 15, 77
34, 20, 24
15, 20, 24
27, 15, 77
28, 15, 77
12, 20, 24
11, 20, 24
38, 19, 24
37, 19, 24
29, 15, 77
30, 15, 77
34, 19, 24
15, 19, 24
31, 15, 77
32, 15, 77
12, 19, 24
11, 19, 24
37, 18, 24
33, 15, 77
15, 4, 78
34, 18, 24
15, 18, 24
16, 4, 78
17, 4, 78
12, 18, 24
36, 17, 24
18, 4, 78
34, 17, 24
15, 17, 24
19, 4, 78
20, 4, 78
12, 17, 24
36, 16, 24
21, 4, 78
34, 16, 24
15, 16, 24
22, 4, 78
13, 16, 24
36, 15, 24
23, 4, 78
34, 15, 24
15, 15, 24
24, 4, 78
13, 15, 24
36, 14, 24
25, 4, 78
34, 14, 24
15, 14, 24
26, 4, 78
13, 14, 24
35, 13, 24
34, 13, 24
14, 13, 24
30, 46, 23
29, 46, 23
28, 46, 23
27, 46, 23
26, 46, 23
25, 46, 23
24, 46, 23
23, 46, 23
22, 46, 23
21, 46, 23
20, 46, 23
19, 46, 23
31, 45, 23
27, 4, 78
28, 4, 78
29, 4, 78
30, 4, 78
31, 4, 78
32, 4, 78
33, 4, 78
34, 4, 78
14, 5, 78
35, 5, 78
13, 6, 78
35, 6, 78
18, 45, 23
31, 44, 23
13, 7, 78
36, 7, 78
18, 44, 23
32, 43, 23
13, 8, 78
36, 8, 78
17, 43, 23
32, 42, 23
12, 9, 78
37, 9, 78
17, 42, 23
33, 41, 23
11, 10, 78
12, 10, 78
16, 41, 23
37, 40, 23
36, 40, 23
35, 40, 23
34, 40, 23
36, 10, 78
37, 10, 78
38, 10, 78
9, 11, 78
15, 40, 23
14, 40, 23
13, 40, 23
12, 40, 23
39, 39, 23
38, 39, 23
10, 11, 78
11, 11, 78
12, 11, 78
13, 11, 78
36, 11, 78
37, 11, 78
38, 11, 78
39, 11, 78
11, 39, 23
10, 39, 23
38, 38, 23
37, 38, 23
36, 38, 23
35, 38, 23
8, 12, 78
9, 12, 78
10, 12, 78
11, 12, 78
12, 12, 78
14, 38, 23
13, 38, 23
12, 38, 23
11, 38, 23
34, 37, 23
13, 12, 78
14, 12, 78
35, 12, 78
36, 12, 78
15, 37, 23
33, 36, 23
16, 36, 23
33, 35, 23
37, 12, 78
15, 35, 23
33, 34, 23
38, 12, 78
15, 34, 23
33, 33, 23
39, 12, 78
40, 12, 78
16, 33, 23
33, 32, 23
41, 12, 78
8, 13, 78
16, 32, 23
33, 31, 23
9, 13, 78
10, 13, 78
11, 13, 78
15, 13, 78
34, 13, 78
38, 13, 78
39, 13, 78
40, 13, 78
41, 13, 78
15, 14, 78
16, 31, 23
32, 30, 23
34, 14, 78
16, 15, 78
17, 15, 78
18, 15, 78
19, 15, 78
20, 15, 78
21, 15, 78
22, 15, 78
23, 15, 78
24, 15, 78
25, 15, 78
26, 15, 78
27, 15, 78
28, 15, 78
17, 30, 23
31, 29, 23
30, 29, 23
29, 15, 78
28, 29, 23
27, 29, 23
26, 29, 23
25, 29, 23
24, 29, 23
23, 29, 23
22, 29, 23
21, 29, 23
30, 15, 78
19, 29, 23
18, 29, 23
17, 29, 23
29, 28, 23
20, 28, 23
36, 25, 23
13, 25, 23
37, 24, 23
36, 24, 23
13, 24, 23
12, 24, 23
37, 23, 23
36, 23, 23
13, 23, 23
12, 23, 23
37, 22, 23
36, 22, 23
35, 22, 23
14, 22, 23
13, 22, 23
12, 22, 23
37, 21, 23
36, 21, 23
35, 21, 23
14, 21, 23
13, 21, 23
12, 21, 23
36, 20, 23
35, 20, 23
14, 20, 23
13, 20, 23
36, 19, 23
35, 19, 23
14, 19, 23
13, 19, 23
36, 18, 23
31, 15, 78
34, 18, 23
15, 18, 23
32, 15, 78
13, 18, 23
36, 17, 23
33, 15, 78
34, 17, 23
15, 17, 23
15, 4, 79
13, 17, 23
36, 16, 23
16, 4, 79
34, 16, 23
15, 16, 23
17, 4, 79
13, 16, 23
36, 15, 23
18, 4, 79
34, 15, 23
15, 15, 23
19, 4, 79
13, 15, 23
36, 14, 23
20, 4, 79
34, 14, 23
15, 14, 23
21, 4, 79
13, 14, 23
35, 13, 23
34, 13, 23
14, 13, 23
30, 46, 22
29, 46, 22
28, 46, 22
27, 46, 22
26, 46, 22
25, 46, 22
24, 46, 22
23, 46, 22
22, 46, 22
21, 46, 22
20, 46, 22
19, 46, 22
31, 45, 22
22, 4, 79
23, 4, 79
24, 4, 79
25, 4, 79
26, 4, 79
27, 4, 79
28, 4, 79
29, 4, 79
30, 4, 79
31, 4, 79
32, 4, 79
33, 4, 79
18, 45, 22
31, 44, 22
14, 5, 79
34, 5, 79
18, 44, 22
32, 43, 22
35, 5, 79
14, 6, 79
17, 43, 22
32, 42, 22
35, 6, 79
13, 7, 79
17, 42, 22
33, 41, 22
36, 7, 79
13, 8, 79
16, 41, 22
36, 40, 22
35, 40, 22
34, 40, 22
36, 8, 79
11, 9, 79
12, 9, 79
37, 9, 79
15, 40, 22
14, 40, 22
13, 40, 22
38, 39, 22
37, 39, 22
36, 39, 22
35, 39, 22
38, 9, 79
10, 10, 79
39, 10, 79
8, 11, 79
9, 11, 79
40, 11, 79
14, 39, 22
13, 39, 22
12, 39, 22
11, 39, 22
37, 38, 22
36, 38, 22
35, 38, 22
41, 11, 79
6, 12, 79
7, 12, 79
14, 12, 79
35, 12, 79
42, 12, 79
14, 38, 22
13, 38, 22
12, 38, 22
34, 37, 22
5, 13, 79
6, 13, 79
7, 13, 79
11, 13, 79
15, 37, 22
33, 36, 22
16, 36, 22
33, 35, 22
16, 35, 22
33, 34, 22
12, 13, 79
13, 13, 79
16, 34, 22
33, 33, 22
15, 13, 79
34, 13, 79
16, 33, 22
33, 32, 22
36, 13, 79
37, 13, 79
38, 13, 79
42, 13, 79
43, 13, 79
44, 13, 79
3, 14, 79
4, 14, 79
5, 14, 79
16, 32, 22
32, 31, 22
6, 14, 79
7, 14, 79
8, 14, 79
9, 14, 79
10, 14, 79
15, 14, 79
34, 14, 79
39, 14, 79
40, 14, 79
41, 14, 79
42, 14, 79
43, 14, 79
44, 14, 79
45, 14, 79
17, 31, 22
32, 30, 22
31, 30, 22
30, 30, 22
46, 14, 79
2, 15, 79
27, 30, 22
26, 30, 22
25, 30, 22
24, 30, 22
23, 30, 22
22, 30, 22
3, 15, 79
4, 15, 79
5, 15, 79
18, 30, 22
17, 30, 22
29, 29, 22
28, 29, 22
21, 29, 22
20, 29, 22
19, 29, 22
35, 19, 22
14, 19, 22
36, 18, 22
35, 18, 22
14, 18, 22
13, 18, 22
36, 17, 22
35, 17, 22
14, 17, 22
13, 17, 22
35, 16, 22
14, 16, 22
35, 15, 22
14, 15, 22
35, 14, 22
14, 14, 22
30, 46, 21
29, 46, 21
28, 46, 21
27, 46, 21
26, 46, 21
25, 46, 21
24, 46, 21
23, 46, 21
22, 46, 21
21, 46, 21
20, 46, 21
19, 46, 21
31, 45, 21
6, 15, 79
7, 15, 79
16, 15, 79
17, 15, 79
18, 45, 21
31, 44, 21
18, 15, 79
19, 15, 79
18, 44, 21
32, 43, 21
20, 15, 79
21, 15, 79
17, 43, 21
32, 42, 21
22, 15, 79
23, 15, 79
17, 42, 21
32, 41, 21
24, 15, 79
17, 41, 21
34, 40, 21
33, 40, 21
25, 15, 79
26, 15, 79
16, 40, 21
15, 40, 21
34, 39, 21
27, 15, 79
28, 15, 79
29, 15, 79
30, 15, 79
15, 39, 21
34, 38, 21
31, 15, 79
32, 15, 79
33, 15, 79
42, 15, 79
15, 38, 21
33, 37, 21
43, 15, 79
44, 15, 79
16, 37, 21
33, 36, 21
45, 15, 79
16, 36, 21
33, 35, 21
46, 15, 79
47, 15, 79
16, 35, 21
33, 34, 21
1, 16, 79
2, 16, 79
3, 16, 79
16, 34, 21
33, 33, 21
45, 16, 79
46, 16, 79
47, 16, 79
48, 16, 79
16, 4, 80
17, 4, 80
18, 4, 80
19, 4, 80
20, 4, 80
21, 4, 80
22, 4, 80
23, 4, 80
16, 33, 21
32, 32, 21
24, 4, 80
25, 4, 80
26, 4, 80
27, 4, 80
28, 4, 80
29, 4, 80
30, 4, 80
31, 4, 80
32, 4, 80
33, 4, 80
14, 5, 80
15, 5, 80
34, 5, 80
35, 5, 80
17, 32, 21
32, 31, 21
31, 31, 21
30, 31, 21
14, 6, 80
35, 6, 80
27, 31, 21
26, 31, 21
25, 31, 21
24, 31, 21
23, 31, 21
22, 31, 21
13, 7, 80
36, 7, 80
19, 31, 21
18, 31, 21
17, 31, 21
29, 30, 21
28, 30, 21
21, 30, 21
20, 30, 21
19, 30, 21
30, 46, 20
29, 46, 20
28, 46, 20
27, 46, 20
26, 46, 20
25, 46, 20
24, 46, 20
23, 46, 20
22, 46, 20
21, 46, 20
20, 46, 20
19, 46, 20
31, 45, 20
12, 8, 80
36, 8, 80
11, 9, 80
37, 9, 80
18, 45, 20
31, 44, 20
38, 9, 80
9, 10, 80
18, 44, 20
32, 43, 20
10, 10, 80
39, 10, 80
17, 43, 20
32, 42, 20
40, 10, 80
8, 11, 80
17, 42, 20
32, 41, 20
41, 11, 80
6, 12, 80
17, 41, 20
32, 40, 20
7, 12, 80
14, 12, 80
35, 12, 80
16, 40, 20
33, 39, 20
42, 12, 80
43, 12, 80
16, 39, 20
33, 38, 20
5, 13, 80
11, 13, 80
16, 38, 20
33, 37, 20
12, 13, 80
13, 13, 80
16, 37, 20
33, 36, 20
15, 13, 80
34, 13, 80
16, 36, 20
33, 35, 20
36, 13, 80
37, 13, 80
38, 13, 80
44, 13, 80
16, 35, 20
33, 34, 20
3, 14, 80
4, 14, 80
8, 14, 80
9, 14, 80
10, 14, 80
15, 14, 80
16, 34, 20
32, 33, 20
34, 14, 80
39, 14, 80
40, 14, 80
41, 14, 80
45, 14, 80
46, 14, 80
2, 15, 80
3, 15, 80
5, 15, 80
6, 15, 80
7, 15, 80
16, 15, 80
17, 15, 80
18, 15, 80
17, 33, 20
31, 32, 20
30, 32, 20
19, 15, 80
20, 15, 80
27, 32, 20
26, 32, 20
25, 32, 20
24, 32, 20
23, 32, 20
22, 32, 20
21, 32, 20
21, 15, 80
19, 32, 20
18, 32, 20
29, 31, 20
28, 31, 20
21, 31, 20
20, 31, 20
30, 46, 19
29, 46, 19
28, 46, 19
27, 46, 19
26, 46, 19
25, 46, 19
24, 46, 19
23, 46, 19
22, 46, 19
21, 46, 19
20, 46, 19
19, 46, 19
31, 45, 19
22, 15, 80
23, 15, 80
24, 15, 80
25, 15, 80
18, 45, 19
31, 44, 19
26, 15, 80
27, 15, 80
18, 44, 19
32, 43, 19
28, 15, 80
29, 15, 80
17, 43, 19
32, 42, 19
30, 15, 80
31, 15, 80
17, 42, 19
34, 41, 19
33, 41, 19
32, 15, 80
33, 15, 80
42, 15, 80
43, 15, 80
16, 41, 19
15, 41, 19
34, 40, 19
33, 40, 19
44, 15, 80
46, 15, 80
47, 15, 80
0, 16, 80
1, 16, 80
15, 40, 19
14, 40, 19
33, 39, 19
2, 16, 80
3, 16, 80
4, 16, 80
45, 16, 80
16, 39, 19
33, 38, 19
46, 16, 80
47, 16, 80
16, 38, 19
33, 37, 19
48, 16, 80
49, 16, 80
16, 37, 19
33, 36, 19
0, 17, 80
1, 17, 80
16, 36, 19
33, 35, 19
48, 17, 80
49, 17, 80
17, 4, 81
18, 4, 81
16, 35, 19
32, 34, 19
19, 4, 81
20, 4, 81
21, 4, 81
22, 4, 81
23, 4, 81
24, 4, 81
25, 4, 81
26, 4, 81
27, 4, 81
28, 4, 81
29, 4, 81
30, 4, 81
31, 4, 81
32, 4, 81
17, 34, 19
31, 33, 19
30, 33, 19
14, 5, 81
15, 5, 81
27, 33, 19
26, 33, 19
25, 33, 19
24, 33, 19
23, 33, 19
22, 33, 19
21, 33, 19
16, 5, 81
19, 33, 19
18, 33, 19
29, 32, 19
28, 32, 19
20, 32, 19
25, 47, 18
24, 47, 18
30, 46, 18
29, 46, 18
28, 46, 18
27, 46, 18
26, 46, 18
33, 5, 81
34, 5, 81
23, 46, 18
22, 46, 18
21, 46, 18
20, 46, 18
19, 46, 18
31, 45, 18
14, 6, 81
35, 6, 81
13, 7, 81
35, 7, 81
18, 45, 18
31, 44, 18
13, 8, 81
36, 8, 81
18, 44, 18
31, 43, 18
12, 9, 81
17, 43, 18
33, 42, 18
32, 42, 18
37, 9, 81
10, 10, 81
11, 10, 81
16, 42, 18
15, 42, 18
37, 41, 18
36, 41, 18
35, 41, 18
34, 41, 18
38, 10, 81
39, 10, 81
8, 11, 81
9, 11, 81
10, 11, 81
14, 41, 18
13, 41, 18
12, 41, 18
37, 40, 18
36, 40, 18
35, 40, 18
39, 11, 81
40, 11, 81
7, 12, 81
8, 12, 81
9, 12, 81
10, 12, 81
11, 12, 81
13, 40, 18
12, 40, 18
35, 39, 18
34, 39, 18
33, 39, 18
13, 12, 81
14, 12, 81
35, 12, 81
36, 12, 81
38, 12, 81
15, 39, 18
14, 39, 18
32, 38, 18
39, 12, 81
40, 12, 81
41, 12, 81
16, 38, 18
33, 37, 18
42, 12, 81
5, 13, 81
16, 37, 18
32, 36, 18
6, 13, 81
7, 13, 81
8, 13, 81
16, 36, 18
32, 35, 18
9, 13, 81
10, 13, 81
11, 13, 81
12, 13, 81
15, 13, 81
34, 13, 81
17, 35, 18
31, 34, 18
30, 34, 18
37, 13, 81
38, 13, 81
39, 13, 81
40, 13, 81
41, 13, 81
42, 13, 81
43, 13, 81
5, 14, 81
6, 14, 81
7, 14, 81
19, 34, 18
18, 34, 18
17, 34, 18
29, 33, 18
28, 33, 18
27, 33, 18
26, 33, 18
25, 33, 18
24, 33, 18
23, 33, 18
22, 33, 18
21, 33, 18
20, 33, 18
25, 47, 17
24, 47, 17
30, 46, 17
29, 46, 17
28, 46, 17
27, 46, 17
26, 46, 17
8, 14, 81
9, 14, 81
23, 46, 17
22, 46, 17
21, 46, 17
20, 46, 17
19, 46, 17
31, 45, 17
15, 14, 81
34, 14, 81
40, 14, 81
41, 14, 81
18, 45, 17
31, 44, 17
42, 14, 81
43, 14, 81
18, 44, 17
31, 43, 17
44, 14, 81
17, 43, 17
34, 42, 17
33, 42, 17
32, 42, 17
4, 15, 81
5, 15, 81
16, 15, 81
16, 42, 17
15, 42, 17
37, 41, 17
36, 41, 17
35, 41, 17
17, 15, 81
18, 15, 81
19, 15, 81
20, 15, 81
21, 15, 81
22, 15, 81
23, 15, 81
14, 41, 17
13, 41, 17
12, 41, 17
38, 40, 17
37, 40, 17
36, 40, 17
24, 15, 81
25, 15, 81
26, 15, 81
27, 15, 81
28, 15, 81
29, 15, 81
13, 40, 17
12, 40, 17
11, 40, 17
35, 39, 17
34, 39, 17
33, 39, 17
30, 15, 81
31, 15, 81
32, 15, 81
33, 15, 81
16, 39, 17
15, 39, 17
14, 39, 17
32, 38, 17
43, 15, 81
44, 15, 81
17, 38, 17
32, 37, 17
45, 15, 81
15, 5, 82
17, 37, 17
32, 36, 17
16, 5, 82
17, 5, 82
17, 36, 17
32, 35, 17
18, 5, 82
19, 5, 82
20, 5, 82
21, 5, 82
22, 5, 82
23, 5, 82
24, 5, 82
25, 5, 82
17, 35, 17
31, 34, 17
30, 34, 17
29, 34, 17
28, 34, 17
27, 34, 17
26, 34, 17
25, 34, 17
24, 34, 17
23, 34, 17
22, 34, 17
21, 34, 17
20, 34, 17
19, 34, 17
18, 34, 17
25, 47, 16
24, 47, 16
30, 46, 16
29, 46, 16
28, 46, 16
27, 46, 16
26, 46, 16
26, 5, 82
27, 5, 82
23, 46, 16
22, 46, 16
21, 46, 16
20, 46, 16
19, 46, 16
31, 45, 16
28, 5, 82
29, 5, 82
30, 5, 82
31, 5, 82
18, 45, 16
31, 44, 16
32, 5, 82
33, 5, 82
18, 44, 16
31, 43, 16
34, 5, 82
17, 43, 16
32, 42, 16
14, 6, 82
35, 6, 82
17, 42, 16
34, 41, 16
33, 41, 16
13, 7, 82
35, 7, 82
13, 8, 82
35, 8, 82
16, 41, 16
15, 41, 16
35, 40, 16
34, 40, 16
33, 40, 16
13, 9, 82
36, 9, 82
12, 10, 82
13, 10, 82
16, 40, 16
15, 40, 16
14, 40, 16
33, 39, 16
36, 10, 82
37, 10, 82
11, 11, 82
12, 11, 82
16, 39, 16
32, 38, 16
13, 11, 82
36, 11, 82
17, 38, 16
32, 37, 16
37, 11, 82
38, 11, 82
17, 37, 16
32, 36, 16
12, 12, 82
14, 12, 82
35, 12, 82
37, 12, 82
17, 36, 16
31, 35, 16
15, 13, 82
34, 13, 82
15, 14, 82
34, 14, 82
16, 15, 82
17, 15, 82
18, 15, 82
19, 15, 82
18, 35, 16
30, 34, 16
29, 34, 16
28, 34, 16
27, 34, 16
26, 34, 16
25, 34, 16
24, 34, 16
23, 34, 16
22, 34, 16
21, 34, 16
20, 34, 16
19, 34, 16
25, 47, 15
24, 47, 15
23, 47, 15
30, 46, 15
29, 46, 15
28, 46, 15
27, 46, 15
26, 46, 15
20, 15, 82
21, 15, 82
22, 15, 82
22, 46, 15
21, 46, 15
20, 46, 15
19, 46, 15
31, 45, 15
23, 15, 82
24, 15, 82
25, 15, 82
26, 15, 82
18, 45, 15
31, 44, 15
27, 15, 82
28, 15, 82
18, 44, 15
31, 43, 15
29, 15, 82
18, 43, 15
32, 42, 15
30, 15, 82
31, 15, 82
17, 42, 15
32, 41, 15
32, 15, 82
33, 15, 82
17, 41, 15
32, 40, 15
15, 5, 83
16, 5, 83
17, 40, 15
32, 39, 15
17, 5, 83
18, 5, 83
17, 39, 15
32, 38, 15
19, 5, 83
20, 5, 83
17, 38, 15
32, 37, 15
21, 5, 83
22, 5, 83
17, 37, 15
31, 36, 15
23, 5, 83
24, 5, 83
25, 5, 83
17, 36, 15
31, 35, 15
30, 35, 15
26, 5, 83
27, 5, 83
28, 5, 83
29, 5, 83
30, 5, 83
31, 5, 83
19, 35, 15
18, 35, 15
29, 34, 15
28, 34, 15
27, 34, 15
26, 34, 15
25, 34, 15
24, 34, 15
23, 34, 15
22, 34, 15
21, 34, 15
20, 34, 15
26, 47, 14
25, 47, 14
24, 47, 14
23, 47, 14
30, 46, 14
29, 46, 14
28, 46, 14
27, 46, 14
32, 5, 83
33, 5, 83
34, 5, 83
14, 6, 83
22, 46, 14
21, 46, 14
20, 46, 14
19, 46, 14
30, 45, 14
35, 6, 83
14, 7, 83
35, 7, 83
18, 45, 14
32, 44, 14
31, 44, 14
14, 8, 83
35, 8, 83
14, 9, 83
17, 44, 14
32, 43, 14
35, 9, 83
14, 10, 83
35, 10, 83
17, 43, 14
32, 42, 14
14, 11, 83
35, 11, 83
17, 42, 14
32, 41, 14
14, 12, 83
35, 12, 83
17, 41, 14
32, 40, 14
15, 13, 83
34, 13, 83
17, 40, 14
32, 39, 14
15, 14, 83
34, 14, 83
17, 39, 14
32, 38, 14
16, 15, 83
17, 15, 83
17, 38, 14
32, 37, 14
18, 15, 83
19, 15, 83
20, 15, 83
17, 37, 14
32, 36, 14
21, 15, 83
22, 15, 83
23, 15, 83
24, 15, 83
17, 36, 14
32, 35, 14
25, 15, 83
30, 35, 14
26, 15, 83
27, 15, 83
28, 15, 83
29, 15, 83
30, 15, 83
31, 15, 83
19, 35, 14
32, 15, 83
17, 35, 14
32, 34, 14
31, 34, 14
29, 34, 14
28, 34, 14
27, 34, 14
26, 34, 14
25, 34, 14
24, 34, 14
23, 34, 14
22, 34, 14
21, 34, 14
20, 34, 14
18, 34, 14
17, 34, 14
32, 33, 14
31, 33, 14
18, 33, 14
17, 33, 14
32, 32, 14
31, 32, 14
18, 32, 14
17, 32, 14
32, 31, 14
31, 31, 14
18, 31, 14
17, 31, 14
32, 30, 14
31, 30, 14
18, 30, 14
17, 30, 14
32, 29, 14
31, 29, 14
18, 29, 14
17, 29, 14
31, 47, 13
30, 47, 13
29, 47, 13
28, 47, 13
27, 47, 13
26, 47, 13
25, 47, 13
24, 47, 13
23, 47, 13
22, 47, 13
21, 47, 13
20, 47, 13
19, 47, 13
18, 47, 13
31, 46, 13
33, 15, 83
15, 5, 84
16, 5, 84
17, 5, 84
18, 5, 84
19, 5, 84
20, 5, 84
21, 5, 84
22, 5, 84
23, 5, 84
24, 5, 84
25, 5, 84
18, 46, 13
31, 45, 13
26, 5, 84
27, 5, 84
28, 5, 84
29, 5, 84
30, 5, 84
31, 5, 84
32, 5, 84
33, 5, 84
34, 5, 84
14, 6, 84
35, 6, 84
14, 7, 84
18, 45, 13
32, 44, 13
35, 7, 84
14, 8, 84
35, 8, 84
14, 9, 84
35, 9, 84
14, 10, 84
35, 10, 84
14, 11, 84
35, 11, 84
14, 12, 84
35, 12, 84
17, 44, 13
32, 43, 13
15, 13, 84
34, 13, 84
15, 14, 84
34, 14, 84
17, 43, 13
32, 42, 13
16, 15, 84
17, 15, 84
17, 42, 13
34, 41, 13
33, 41, 13
18, 15, 84
19, 15, 84
20, 15, 84
21, 15, 84
16, 41, 13
15, 41, 13
35, 40, 13
34, 40, 13
33, 40, 13
22, 15, 84
23, 15, 84
24, 15, 84
25, 15, 84
16, 40, 13
15, 40, 13
14, 40, 13
34, 39, 13
33, 39, 13
26, 15, 84
27, 15, 84
28, 15, 84
29, 15, 84
16, 39, 13
15, 39, 13
32, 38, 13
30, 15, 84
31, 15, 84
17, 38, 13
32, 37, 13
32, 15, 84
33, 15, 84
16, 5, 85
17, 5, 85
17, 37, 13
32, 36, 13
18, 5, 85
19, 5, 85
20, 5, 85
21, 5, 85
17, 36, 13
32, 35, 13
22, 5, 85
30, 35, 13
23, 5, 85
24, 5, 85
25, 5, 85
26, 5, 85
19, 35, 13
27, 5, 85
17, 35, 13
32, 34, 13
31, 34, 13
29, 34, 13
28, 34, 13
27, 34, 13
26, 34, 13
28, 5, 85
29, 5, 85
23, 34, 13
22, 34, 13
21, 34, 13
20, 34, 13
18, 34, 13
17, 34, 13
32, 33, 13
31, 33, 13
25, 33, 13
24, 33, 13
18, 33, 13
17, 33, 13
32, 32, 13
31, 32, 13
18, 32, 13
17, 32, 13
32, 31, 13
31, 31, 13
18, 31, 13
17, 31, 13
32, 30, 13
31, 30, 13
18, 30, 13
17, 30, 13
32, 29, 13
31, 29, 13
18, 29, 13
17, 29, 13
30, 51, 12
19, 51, 12
30, 50, 12
29, 50, 12
27, 50, 12
26, 50, 12
25, 50, 12
24, 50, 12
23, 50, 12
22, 50, 12
20, 50, 12
19, 50, 12
30, 49, 12
29, 49, 12
28, 49, 12
27, 49, 12
26, 49, 12
25, 49, 12
24, 49, 12
23, 49, 12
22, 49, 12
21, 49, 12
20, 49, 12
19, 49, 12
30, 48, 12
29, 48, 12
28, 48, 12
27, 48, 12
26, 48, 12
25, 48, 12
24, 48, 12
23, 48, 12
22, 48, 12
21, 48, 12
20, 48, 12
19, 48, 12
18, 48, 12
31, 47, 12
30, 5, 85
31, 5, 85
32, 5, 85
33, 5, 85
14, 6, 85
15, 6, 85
34, 6, 85
35, 6, 85
14, 7, 85
35, 7, 85
14, 8, 85
35, 8, 85
18, 47, 12
31, 46, 12
14, 9, 85
35, 9, 85
14, 10, 85
35, 10, 85
14, 11, 85
35, 11, 85
14, 12, 85
35, 12, 85
15, 13, 85
34, 13, 85
15, 14, 85
34, 14, 85
18, 46, 12
31, 45, 12
16, 15, 85
17, 15, 85
18, 45, 12
31, 44, 12
18, 15, 85
19, 15, 85
20, 15, 85
21, 15, 85
22, 15, 85
23, 15, 85
24, 15, 85
25, 15, 85
26, 15, 85
27, 15, 85
28, 15, 85
29, 15, 85
18, 44, 12
32, 43, 12
30, 15, 85
31, 15, 85
32, 15, 85
33, 15, 85
17, 43, 12
32, 42, 12
17, 5, 86
18, 5, 86
19, 5, 86
20, 5, 86
17, 42, 12
35, 41, 12
34, 41, 12
33, 41, 12
21, 5, 86
22, 5, 86
23, 5, 86
24, 5, 86
16, 41, 12
15, 41, 12
14, 41, 12
37, 40, 12
36, 40, 12
25, 5, 86
26, 5, 86
27, 5, 86
28, 5, 86
29, 5, 86
30, 5, 86
13, 40, 12
12, 40, 12
35, 39, 12
34, 39, 12
33, 39, 12
31, 5, 86
32, 5, 86
14, 6, 86
15, 6, 86
16, 6, 86
33, 6, 86
34, 6, 86
14, 7, 86
16, 39, 12
15, 39, 12
14, 39, 12
32, 38, 12
35, 7, 86
14, 8, 86
35, 8, 86
14, 9, 86
35, 9, 86
14, 10, 86
35, 10, 86
14, 11, 86
35, 11, 86
14, 12, 86
17, 38, 12
32, 37, 12
35, 12, 86
15, 13, 86
34, 13, 86
15, 14, 86
34, 14, 86
16, 15, 86
17, 15, 86
18, 15, 86
19, 15, 86
20, 15, 86
17, 37, 12
32, 36, 12
21, 15, 86
22, 15, 86
23, 15, 86
24, 15, 86
25, 15, 86
26, 15, 86
27, 15, 86
28, 15, 86
17, 36, 12
32, 35, 12
29, 15, 86
30, 35, 12
30, 15, 86
31, 15, 86
32, 15, 86
33, 15, 86
19, 35, 12
15, 6, 87
17, 35, 12
32, 34, 12
31, 34, 12
29, 34, 12
28, 34, 12
27, 34, 12
16, 6, 87
17, 6, 87
18, 6, 87
23, 34, 12
22, 34, 12
21, 34, 12
20, 34, 12
18, 34, 12
17, 34, 12
32, 33, 12
31, 33, 12
26, 33, 12
25, 33, 12
24, 33, 12
18, 33, 12
17, 33, 12
32, 32, 12
31, 32, 12
18, 32, 12
17, 32, 12
31, 31, 12
18, 31, 12
17, 31, 12
31, 30, 12
18, 30, 12
17, 30, 12
31, 29, 12
18, 29, 12
17, 29, 12
27, 51, 11
26, 51, 11
23, 51, 11
22, 51, 11
30, 50, 11
29, 50, 11
27, 50, 11
26, 50, 11
23, 50, 11
22, 50, 11
20, 50, 11
19, 50, 11
30, 49, 11
19, 6, 87
28, 49, 11
20, 6, 87
21, 6, 87
25, 49, 11
24, 49, 11
22, 6, 87
22, 49, 11
20, 49, 11
19, 49, 11
30, 48, 11
23, 6, 87
24, 6, 87
25, 6, 87
26, 6, 87
27, 6, 87
28, 6, 87
21, 48, 11
29, 6, 87
19, 48, 11
30, 47, 11
30, 6, 87
31, 6, 87
32, 6, 87
33, 6, 87
34, 6, 87
14, 7, 87
19, 47, 11
30, 46, 11
15, 7, 87
18, 46, 11
31, 45, 11
18, 7, 87
19, 7, 87
18, 45, 11
31, 44, 11
20, 7, 87
23, 7, 87
24, 7, 87
25, 7, 87
26, 7, 87
29, 7, 87
30, 7, 87
31, 7, 87
34, 7, 87
35, 7, 87
14, 8, 87
15, 8, 87
18, 44, 11
32, 43, 11
19, 8, 87
20, 8, 87
24, 8, 87
25, 8, 87
17, 43, 11
32, 42, 11
29, 8, 87
30, 8, 87
34, 8, 87
35, 8, 87
17, 42, 11
35, 41, 11
34, 41, 11
33, 41, 11
14, 9, 87
35, 9, 87
14, 10, 87
35, 10, 87
14, 11, 87
24, 11, 87
16, 41, 11
15, 41, 11
14, 41, 11
36, 40, 11
35, 40, 11
34, 40, 11
33, 40, 11
35, 11, 87
14, 12, 87
19, 12, 87
20, 12, 87
24, 12, 87
25, 12, 87
29, 12, 87
16, 40, 11
15, 40, 11
14, 40, 11
13, 40, 11
35, 39, 11
34, 39, 11
33, 39, 11
30, 12, 87
35, 12, 87
15, 13, 87
19, 13, 87
20, 13, 87
23, 13, 87
24, 13, 87
25, 13, 87
26, 13, 87
28, 13, 87
29, 13, 87
30, 13, 87
34, 13, 87
16, 39, 11
15, 39, 11
14, 39, 11
32, 38, 11
15, 14, 87
16, 14, 87
17, 14, 87
18, 14, 87
19, 14, 87
20, 14, 87
21, 14, 87
22, 14, 87
23, 14, 87
24, 14, 87
25, 14, 87
26, 14, 87
17, 38, 11
31, 37, 11
27, 14, 87
28, 14, 87
29, 14, 87
30, 14, 87
31, 14, 87
32, 14, 87
33, 14, 87
34, 14, 87
16, 15, 87
17, 37, 11
31, 36, 11
17, 15, 87
18, 15, 87
19, 15, 87
20, 15, 87
21, 15, 87
22, 15, 87
23, 15, 87
24, 15, 87
25, 15, 87
26, 15, 87
18, 36, 11
17, 36, 11
31, 35, 11
30, 35, 11
27, 15, 87
28, 15, 87
29, 15, 87
30, 15, 87
19, 35, 11
18, 35, 11
17, 35, 11
31, 34, 11
29, 34, 11
28, 34, 11
27, 34, 11
31, 15, 87
32, 15, 87
33, 15, 87
23, 34, 11
22, 34, 11
21, 34, 11
20, 34, 11
18, 34, 11
31, 33, 11
26, 33, 11
25, 33, 11
24, 33, 11
18, 33, 11
26, 50, 10
23, 50, 10
30, 49, 10
29, 49, 10
27, 49, 10
16, 7, 88
25, 49, 10
23, 49, 10
22, 49, 10
20, 49, 10
19, 49, 10
30, 48, 10
17, 7, 88
28, 48, 10
21, 7, 88
22, 7, 88
27, 7, 88
24, 48, 10
28, 7, 88
32, 7, 88
21, 48, 10
33, 7, 88
19, 48, 10
30, 47, 10
16, 8, 88
18, 8, 88
21, 8, 88
23, 8, 88
26, 8, 88
28, 8, 88
31, 8, 88
33, 8, 88
19, 47, 10
30, 46, 10
15, 9, 88
19, 9, 88
20, 9, 88
24, 9, 88
25, 9, 88
29, 9, 88
19, 46, 10
30, 45, 10
19, 45, 10
31, 44, 10
30, 9, 88
34, 9, 88
14, 10, 88
24, 10, 88
34, 10, 88
14, 11, 88
19, 11, 88
20, 11, 88
23, 11, 88
25, 11, 88
29, 11, 88
30, 11, 88
18, 44, 10
31, 43, 10
35, 11, 88
15, 12, 88
18, 12, 88
21, 12, 88
23, 12, 88
26, 12, 88
28, 12, 88
31, 12, 88
34, 12, 88
16, 13, 88
17, 13, 88
18, 13, 88
18, 43, 10
31, 42, 10
21, 13, 88
22, 13, 88
18, 42, 10
32, 41, 10
27, 13, 88
31, 13, 88
32, 13, 88
33, 13, 88
17, 41, 10
32, 40, 10
21, 7, 89
22, 7, 89
27, 7, 89
15, 8, 89
16, 8, 89
17, 8, 89
21, 8, 89
23, 8, 89
26, 8, 89
17, 40, 10
32, 39, 10
28, 8, 89
32, 8, 89
33, 8, 89
34, 8, 89
15, 9, 89
18, 9, 89
20, 9, 89
23, 9, 89
26, 9, 89
29, 9, 89
31, 9, 89
34, 9, 89
17, 39, 10
31, 38, 10
14, 10, 89
19, 10, 89
24, 10, 89
25, 10, 89
30, 10, 89
35, 10, 89
18, 38, 10
31, 37, 10
14, 11, 89
18, 11, 89
20, 11, 89
23, 11, 89
25, 11, 89
29, 11, 89
18, 37, 10
30, 36, 10
30, 11, 89
35, 11, 89
14, 12, 89
18, 12, 89
20, 12, 89
23, 12, 89
26, 12, 89
28, 12, 89
31, 12, 89
19, 36, 10
30, 35, 10
35, 12, 89
15, 13, 89
17, 13, 89
21, 13, 89
22, 13, 89
27, 13, 89
28, 13, 89
32, 13, 89
19, 35, 10
29, 34, 10
28, 34, 10
27, 34, 10
34, 13, 89
16, 14, 89
32, 14, 89
33, 14, 89
22, 34, 10
21, 34, 10
20, 34, 10
26, 33, 10
25, 33, 10
24, 33, 10
23, 33, 10
26, 49, 9
23, 49, 9
29, 48, 9
27, 48, 9
21, 7, 90
25, 48, 9
24, 48, 9
22, 7, 90
22, 48, 9
20, 48, 9
19, 48, 9
30, 47, 9
27, 7, 90
28, 47, 9
15, 8, 90
16, 8, 90
21, 8, 90
22, 8, 90
27, 8, 90
28, 8, 90
21, 47, 9
33, 8, 90
19, 47, 9
30, 46, 9
34, 8, 90
14, 9, 90
17, 9, 90
20, 9, 90
23, 9, 90
26, 9, 90
29, 9, 90
32, 9, 90
19, 46, 9
30, 45, 9
34, 9, 90
14, 10, 90
18, 10, 90
20, 10, 90
24, 10, 90
19, 45, 9
30, 44, 9
19, 44, 9
30, 43, 9
25, 10, 90
29, 10, 90
31, 10, 90
35, 10, 90
13, 11, 90
18, 11, 90
20, 11, 90
23, 11, 90
25, 11, 90
29, 11, 90
19, 43, 9
30, 42, 9
31, 11, 90
19, 42, 9
31, 41, 9
36, 11, 90
14, 12, 90
18, 41, 9
31, 40, 9
17, 12, 90
20, 12, 90
23, 12, 90
26, 12, 90
29, 12, 90
31, 12, 90
35, 12, 90
14, 13, 90
18, 40, 9
31, 39, 9
15, 13, 90
17, 13, 90
21, 13, 90
22, 13, 90
27, 13, 90
28, 13, 90
32, 13, 90
34, 13, 90
18, 39, 9
31, 38, 9
16, 14, 90
33, 14, 90
21, 8, 91
22, 8, 91
18, 38, 9
31, 37, 9
27, 8, 91
28, 8, 91
14, 9, 91
15, 9, 91
16, 9, 91
20, 9, 91
18, 37, 9
30, 36, 9
22, 9, 91
26, 9, 91
29, 9, 91
33, 9, 91
34, 9, 91
35, 9, 91
14, 10, 91
17, 10, 91
19, 36, 9
30, 35, 9
20, 10, 91
23, 10, 91
26, 10, 91
29, 10, 91
32, 10, 91
35, 10, 91
13, 11, 91
18, 11, 91
19, 11, 91
19, 35, 9
29, 34, 9
28, 34, 9
27, 34, 9
23, 11, 91
26, 11, 91
29, 11, 91
31, 11, 91
22, 34, 9
21, 34, 9
20, 34, 9
26, 33, 9
25, 33, 9
24, 33, 9
23, 33, 9
26, 48, 8
23, 48, 8
29, 47, 8
28, 47, 8
27, 47, 8
36, 11, 91
25, 47, 8
24, 47, 8
13, 12, 91
22, 47, 8
20, 47, 8
29, 46, 8
17, 12, 91
27, 46, 8
20, 12, 91
23, 12, 91
26, 12, 91
29, 12, 91
22, 46, 8
21, 46, 8
20, 46, 8
30, 45, 8
32, 12, 91
36, 12, 91
14, 13, 91
16, 13, 91
21, 13, 91
22, 13, 91
27, 13, 91
28, 13, 91
33, 13, 91
19, 45, 8
30, 44, 8
35, 13, 91
15, 14, 91
16, 14, 91
21, 14, 91
28, 14, 91
19, 44, 8
30, 43, 8
33, 14, 91
34, 14, 91
21, 8, 92
27, 8, 92
28, 8, 92
14, 9, 92
15, 9, 92
20, 9, 92
22, 9, 92
27, 9, 92
19, 43, 8
30, 42, 8
29, 9, 92
34, 9, 92
35, 9, 92
13, 10, 92
16, 10, 92
20, 10, 92
23, 10, 92
26, 10, 92
29, 10, 92
33, 10, 92
19, 42, 8
30, 41, 8
36, 10, 92
13, 11, 92
19, 41, 8
31, 40, 8
17, 11, 92
19, 11, 92
23, 11, 92
26, 11, 92
30, 11, 92
32, 11, 92
36, 11, 92
12, 12, 92
17, 12, 92
20, 12, 92
18, 40, 8
31, 39, 8
23, 12, 92
26, 12, 92
29, 12, 92
32, 12, 92
37, 12, 92
13, 13, 92
16, 13, 92
20, 13, 92
18, 39, 8
31, 38, 8
22, 13, 92
27, 13, 92
28, 13, 92
33, 13, 92
18, 38, 8
31, 37, 8
36, 13, 92
14, 14, 92
15, 14, 92
21, 14, 92
18, 37, 8
30, 36, 8
28, 14, 92
34, 14, 92
35, 14, 92
21, 8, 93
28, 8, 93
14, 9, 93
19, 36, 8
30, 35, 8
20, 9, 93
22, 9, 93
27, 9, 93
28, 9, 93
35, 9, 93
13, 10, 93
15, 10, 93
20, 10, 93
22, 10, 93
27, 10, 93
19, 35, 8
29, 34, 8
28, 34, 8
27, 34, 8
26, 34, 8
29, 10, 93
34, 10, 93
23, 34, 8
22, 34, 8
21, 34, 8
20, 34, 8
25, 33, 8
24, 33, 8
26, 47, 7
23, 47, 7
29, 46, 7
28, 46, 7
26, 46, 7
25, 46, 7
24, 46, 7
23, 46, 7
21, 46, 7
20, 46, 7
29, 45, 7
36, 10, 93
27, 45, 7
12, 11, 93
16, 11, 93
19, 11, 93
23, 11, 93
22, 45, 7
26, 11, 93
20, 45, 7
29, 44, 7
30, 11, 93
33, 11, 93
36, 11, 93
12, 12, 93
16, 12, 93
20, 12, 93
23, 12, 93
26, 12, 93
20, 44, 7
29, 43, 7
29, 12, 93
33, 12, 93
20, 43, 7
30, 42, 7
37, 12, 93
12, 13, 93
16, 13, 93
20, 13, 93
22, 13, 93
27, 13, 93
29, 13, 93
33, 13, 93
37, 13, 93
13, 14, 93
19, 42, 7
30, 41, 7
15, 14, 93
21, 14, 93
19, 41, 7
30, 40, 7
28, 14, 93
34, 14, 93
36, 14, 93
14, 15, 93
35, 15, 93
21, 9, 94
27, 9, 94
19, 40, 7
31, 39, 7
28, 9, 94
13, 10, 94
14, 10, 94
20, 10, 94
22, 10, 94
27, 10, 94
29, 10, 94
35, 10, 94
36, 10, 94
12, 11, 94
18, 39, 7
31, 38, 7
15, 11, 94
16, 11, 94
19, 11, 94
23, 11, 94
18, 38, 7
31, 37, 7
30, 37, 7
26, 11, 94
30, 11, 94
19, 37, 7
18, 37, 7
30, 36, 7
33, 11, 94
34, 11, 94
37, 11, 94
12, 12, 94
16, 12, 94
19, 12, 94
19, 36, 7
29, 35, 7
23, 12, 94
26, 12, 94
30, 12, 94
33, 12, 94
37, 12, 94
11, 13, 94
15, 13, 94
20, 13, 94
20, 35, 7
28, 34, 7
27, 34, 7
26, 34, 7
22, 13, 94
27, 13, 94
23, 34, 7
22, 34, 7
21, 34, 7
25, 33, 7
24, 33, 7
29, 46, 6
26, 46, 6
23, 46, 6
20, 46, 6
29, 45, 6
28, 45, 6
26, 45, 6
25, 45, 6
24, 45, 6
23, 45, 6
21, 45, 6
20, 45, 6
29, 44, 6
29, 13, 94
27, 44, 6
34, 13, 94
37, 13, 94
12, 14, 94
15, 14, 94
22, 44, 6
21, 14, 94
20, 44, 6
29, 43, 6
28, 14, 94
34, 14, 94
37, 14, 94
13, 15, 94
14, 15, 94
35, 15, 94
20, 43, 6
29, 42, 6
36, 15, 94
21, 9, 95
28, 9, 95
13, 10, 95
20, 10, 95
22, 10, 95
27, 10, 95
29, 10, 95
20, 42, 6
29, 41, 6
36, 10, 95
12, 11, 95
14, 11, 95
19, 11, 95
22, 11, 95
27, 11, 95
30, 11, 95
34, 11, 95
35, 11, 95
19, 41, 6
30, 40, 6
37, 11, 95
11, 12, 95
15, 12, 95
19, 12, 95
22, 12, 95
19, 40, 6
30, 39, 6
26, 12, 95
30, 12, 95
34, 12, 95
37, 12, 95
11, 13, 95
15, 13, 95
20, 13, 95
22, 13, 95
27, 13, 95
29, 13, 95
19, 39, 6
30, 38, 6
34, 13, 95
38, 13, 95
11, 14, 95
14, 14, 95
19, 38, 6
29, 37, 6
20, 14, 95
21, 14, 95
20, 37, 6
29, 36, 6
28, 14, 95
29, 14, 95
35, 14, 95
38, 14, 95
20, 36, 6
29, 35, 6
12, 15, 95
13, 15, 95
14, 15, 95
35, 15, 95
36, 15, 95
37, 15, 95
21, 9, 96
28, 9, 96
20, 35, 6
28, 34, 6
27, 34, 6
26, 34, 6
25, 34, 6
24, 34, 6
23, 34, 6
22, 34, 6
21, 34, 6
26, 46, 5
23, 46, 5
29, 45, 5
28, 45, 5
26, 45, 5
23, 45, 5
21, 45, 5
20, 45, 5
29, 44, 5
20, 10, 96
27, 44, 5
21, 10, 96
25, 44, 5
24, 44, 5
23, 44, 5
21, 44, 5
20, 44, 5
29, 43, 5
28, 10, 96
29, 10, 96
12, 11, 96
13, 11, 96
14, 11, 96
19, 11, 96
22, 43, 5
22, 11, 96
20, 43, 5
29, 42, 5
27, 11, 96
29, 11, 96
35, 11, 96
36, 11, 96
37, 11, 96
12, 12, 96
20, 42, 5
29, 41, 5
14, 12, 96
15, 12, 96
19, 12, 96
22, 12, 96
27, 12, 96
30, 12, 96
34, 12, 96
35, 12, 96
20, 41, 5
29, 40, 5
37, 12, 96
11, 13, 96
14, 13, 96
20, 13, 96
22, 13, 96
27, 13, 96
29, 13, 96
35, 13, 96
20, 40, 5
29, 39, 5
38, 13, 96
11, 14, 96
14, 14, 96
20, 14, 96
21, 14, 96
28, 14, 96
29, 14, 96
35, 14, 96
20, 39, 5
30, 38, 5
29, 38, 5
38, 14, 96
11, 15, 96
13, 15, 96
36, 15, 96
38, 15, 96
19, 38, 5
29, 37, 5
12, 16, 96
13, 16, 96
36, 16, 96
37, 16, 96
20, 37, 5
29, 36, 5
20, 10, 97
21, 10, 97
28, 10, 97
29, 10, 97
12, 11, 97
13, 11, 97
20, 36, 5
28, 35, 5
20, 11, 97
22, 11, 97
27, 11, 97
29, 11, 97
36, 11, 97
37, 11, 97
21, 35, 5
27, 34, 5
26, 34, 5
25, 34, 5
24, 34, 5
23, 34, 5
22, 34, 5
26, 45, 4
23, 45, 4
28, 44, 4
26, 44, 4
25, 44, 4
24, 44, 4
23, 44, 4
21, 44, 4
20, 44, 4
29, 43, 4
12, 12, 97
27, 43, 4
13, 12, 97
19, 12, 97
22, 12, 97
27, 12, 97
22, 43, 4
30, 12, 97
20, 43, 4
28, 42, 4
36, 12, 97
37, 12, 97
11, 13, 97
12, 13, 97
13, 13, 97
14, 13, 97
21, 42, 4
28, 41, 4
19, 13, 97
22, 13, 97
27, 13, 97
30, 13, 97
35, 13, 97
36, 13, 97
37, 13, 97
20, 41, 4
29, 40, 4
11, 14, 97
12, 14, 97
13, 14, 97
14, 14, 97
20, 14, 97
21, 14, 97
28, 14, 97
29, 14, 97
20, 40, 4
29, 39, 4
35, 14, 97
36, 14, 97
37, 14, 97
38, 14, 97
11, 15, 97
13, 15, 97
20, 15, 97
21, 15, 97
20, 39, 4
28, 38, 4
28, 15, 97
29, 15, 97
36, 15, 97
38, 15, 97
11, 16, 97
13, 16, 97
36, 16, 97
20, 38, 4
28, 37, 4
38, 16, 97
11, 17, 97
21, 37, 4
28, 36, 4
12, 17, 97
13, 17, 97
36, 17, 97
37, 17, 97
20, 10, 98
21, 10, 98
21, 36, 4
28, 35, 4
27, 35, 4
28, 10, 98
29, 10, 98
20, 11, 98
21, 11, 98
22, 35, 4
21, 35, 4
26, 34, 4
25, 34, 4
24, 34, 4
23, 34, 4
26, 44, 3
23, 44, 3
28, 43, 3
26, 43, 3
25, 43, 3
24, 43, 3
23, 43, 3
21, 43, 3
28, 42, 3
27, 42, 3
28, 11, 98
29, 11, 98
19, 12, 98
22, 12, 98
22, 42, 3
21, 42, 3
28, 41, 3
27, 12, 98
30, 12, 98
19, 13, 98
22, 13, 98
27, 13, 98
30, 13, 98
21, 41, 3
28, 40, 3
19, 14, 98
22, 14, 98
27, 14, 98
30, 14, 98
12, 15, 98
13, 15, 98
21, 40, 3
28, 39, 3
20, 15, 98
21, 15, 98
28, 15, 98
29, 15, 98
36, 15, 98
37, 15, 98
21, 39, 3
28, 38, 3
12, 16, 98
13, 16, 98
20, 16, 98
21, 16, 98
28, 16, 98
29, 16, 98
21, 38, 3
28, 37, 3
36, 16, 98
37, 16, 98
12, 17, 98
13, 17, 98
36, 17, 98
37, 17, 98
21, 37, 3
27, 36, 3
26, 36, 3
12, 18, 98
37, 18, 98
23, 36, 3
22, 36, 3
27, 35, 3
26, 35, 3
25, 35, 3
24, 35, 3
23, 35, 3
22, 35, 3
26, 43, 2
25, 43, 2
23, 43, 2
28, 42, 2
27, 42, 2
20, 11, 99
29, 11, 99
24, 42, 2
20, 12, 99
22, 42, 2
21, 42, 2
28, 41, 2
21, 12, 99
28, 12, 99
29, 12, 99
20, 13, 99
21, 13, 99
28, 13, 99
21, 41, 2
28, 40, 2
29, 13, 99
19, 14, 99
20, 14, 99
21, 14, 99
27, 14, 99
28, 14, 99
21, 40, 2
27, 39, 2
29, 14, 99
30, 14, 99
19, 15, 99
20, 15, 99
22, 39, 2
27, 38, 2
21, 15, 99
28, 15, 99
29, 15, 99
30, 15, 99
22, 38, 2
27, 37, 2
26, 37, 2
20, 16, 99
21, 16, 99
23, 37, 2
22, 37, 2
25, 36, 2
24, 36, 2
25, 35, 2
24, 35, 2
26, 42, 1
25, 42, 1
24, 42, 1
23, 42, 1
27, 41, 1
26, 41, 1
25, 41, 1
24, 41, 1
23, 41, 1
22, 41, 1
21, 41, 1
27, 40, 1
26, 40, 1
25, 40, 1
24, 40, 1
23, 40, 1
22, 40, 1
27, 39, 1
26, 39, 1
28, 16, 99
29, 16, 99
23, 39, 1
22, 39, 1
27, 38, 1
20, 17, 99
21, 17, 99
28, 17, 99
29, 17, 99
22, 38, 1
26, 37, 1
25, 37, 1
24, 37, 1
23, 37, 1
25, 39, 0
24, 39, 0
26, 38, 0
25, 38, 0
24, 38, 0
23, 38, 0
26, 37, 0
25, 37, 0
24, 37, 0
23, 37, 0
25, 36, 0
24, 36, 0