77, 10, 66
76, 10, 66
75, 10, 66
74, 10, 66
73, 10, 66
72, 10, 66
71, 10, 66
70, 10, 66
69, 10, 66
68, 10, 66
67, 10, 66
66, 10, 66
65, 10, 66
64, 10, 66
63, 10, 66
62, 10, 66
78, 10, 66
79, 10, 66
80, 10, 66
81, 10, 66
82, 10, 66
83, 10, 66
84, 10, 66
85, 10, 66
37, 10, 66
36, 10, 66
35, 10, 66
34, 10, 66
33, 10, 66
32, 10, 66
31, 10, 66
30, 10, 66
29, 10, 66
28, 10, 66
27, 10, 66
26, 10, 66
25, 10, 66
24, 10, 66
23, 10, 66
22, 10, 66
21, 10, 66
20, 10, 66
19, 10, 66
18, 10, 66
17, 10, 66
16, 10, 66
15, 10, 66
14, 10, 66
13, 10, 66
12, 10, 66
11, 10, 66
10, 10, 66
9, 10, 66
8, 10, 66
7, 10, 66
6, 10, 66
5, 10, 66
99, 9, 66
98, 9, 66
97, 9, 66
96, 9, 66
95, 9, 66
94, 9, 66
86, 10, 66
87, 10, 66
88, 10, 66
89, 10, 66
90, 10, 66
91, 10, 66
92, 10, 66
93, 10, 66
38, 11, 66
61, 11, 66
38, 12, 66
61, 12, 66
39, 13, 66
60, 13, 66
39, 14, 66
60, 14, 66
40, 15, 66
59, 15, 66
41, 16, 66
57, 16, 66
58, 16, 66
42, 17, 66
43, 17, 66
56, 17, 66
44, 18, 66
45, 18, 66
46, 18, 66
53, 18, 66
54, 18, 66
55, 18, 66
47, 19, 66
48, 19, 66
49, 19, 66
50, 19, 66
51, 19, 66
52, 19, 66
45, 0, 67
46, 0, 67
4, 9, 66
3, 9, 66
2, 9, 66
1, 9, 66
0, 9, 66
98, 8, 66
97, 8, 66
96, 8, 66
95, 8, 66
94, 8, 66
93, 8, 66
92, 8, 66
91, 8, 66
90, 8, 66
89, 8, 66
88, 8, 66
87, 8, 66
47, 0, 67
48, 0, 67
49, 0, 67
50, 0, 67
51, 0, 67
52, 0, 67
53, 0, 67
54, 0, 67
42, 1, 67
43, 1, 67
44, 1, 67
55, 1, 67
56, 1, 67
41, 2, 67
57, 2, 67
58, 2, 67
40, 3, 67
59, 3, 67
39, 4, 67
60, 4, 67
39, 5, 67
60, 5, 67
38, 6, 67
61, 6, 67
13, 7, 67
14, 7, 67
15, 7, 67
16, 7, 67
17, 7, 67
18, 7, 67
19, 7, 67
20, 7, 67
21, 7, 67
22, 7, 67
23, 7, 67
24, 7, 67
25, 7, 67
26, 7, 67
12, 8, 66
11, 8, 66
10, 8, 66
9, 8, 66
8, 8, 66
7, 8, 66
6, 8, 66
5, 8, 66
4, 8, 66
3, 8, 66
2, 8, 66
1, 8, 66
86, 7, 66
85, 7, 66
84, 7, 66
83, 7, 66
82, 7, 66
81, 7, 66
80, 7, 66
79, 7, 66
78, 7, 66
77, 7, 66
76, 7, 66
75, 7, 66
74, 7, 66
73, 7, 66
72, 7, 66
71, 7, 66
70, 7, 66
69, 7, 66
68, 7, 66
67, 7, 66
66, 7, 66
65, 7, 66
64, 7, 66
63, 7, 66
62, 7, 66
27, 7, 67
28, 7, 67
29, 7, 67
30, 7, 67
31, 7, 67
32, 7, 67
33, 7, 67
34, 7, 67
35, 7, 67
36, 7, 67
37, 7, 66
36, 7, 66
35, 7, 66
34, 7, 66
33, 7, 66
32, 7, 66
31, 7, 66
30, 7, 66
29, 7, 66
28, 7, 66
27, 7, 66
26, 7, 66
25, 7, 66
24, 7, 66
23, 7, 66
22, 7, 66
21, 7, 66
20, 7, 66
19, 7, 66
18, 7, 66
17, 7, 66
16, 7, 66
15, 7, 66
14, 7, 66
13, 7, 66
61, 6, 66
37, 7, 67
62, 7, 67
63, 7, 67
64, 7, 67
65, 7, 67
66, 7, 67
67, 7, 67
68, 7, 67
69, 7, 67
70, 7, 67
38, 6, 66
60, 5, 66
71, 7, 67
72, 7, 67
73, 7, 67
74, 7, 67
75, 7, 67
76, 7, 67
77, 7, 67
78, 7, 67
79, 7, 67
38, 5, 66
60, 4, 66
80, 7, 67
81, 7, 67
82, 7, 67
83, 7, 67
84, 7, 67
85, 7, 67
86, 7, 67
0, 8, 67
39, 4, 66
59, 3, 66
1, 8, 67
2, 8, 67
3, 8, 67
4, 8, 67
5, 8, 67
6, 8, 67
40, 3, 66
58, 2, 66
57, 2, 66
7, 8, 67
8, 8, 67
9, 8, 67
41, 2, 66
56, 1, 66
55, 1, 66
10, 8, 67
11, 8, 67
44, 1, 66
43, 1, 66
42, 1, 66
54, 0, 66
53, 0, 66
52, 0, 66
51, 0, 66
50, 0, 66
49, 0, 66
48, 0, 66
47, 0, 66
46, 0, 66
45, 0, 66
52, 19, 65
51, 19, 65
50, 19, 65
49, 19, 65
48, 19, 65
47, 19, 65
55, 18, 65
54, 18, 65
53, 18, 65
12, 8, 67
87, 8, 67
46, 18, 65
45, 18, 65
44, 18, 65
57, 17, 65
56, 17, 65
88, 8, 67
89, 8, 67
43, 17, 65
42, 17, 65
58, 16, 65
90, 8, 67
91, 8, 67
41, 16, 65
59, 15, 65
92, 8, 67
93, 8, 67
40, 15, 65
60, 14, 65
94, 8, 67
95, 8, 67
39, 14, 65
60, 13, 65
96, 8, 67
97, 8, 67
98, 8, 67
99, 8, 67
0, 9, 67
1, 9, 67
39, 13, 65
61, 12, 65
2, 9, 67
3, 9, 67
4, 9, 67
94, 9, 67
95, 9, 67
96, 9, 67
38, 12, 65
61, 11, 65
97, 9, 67
98, 9, 67
99, 9, 67
5, 10, 67
6, 10, 67
7, 10, 67
8, 10, 67
9, 10, 67
38, 11, 65
93, 10, 65
92, 10, 65
91, 10, 65
90, 10, 65
89, 10, 65
88, 10, 65
87, 10, 65
86, 10, 65
85, 10, 65
84, 10, 65
83, 10, 65
82, 10, 65
81, 10, 65
80, 10, 65
79, 10, 65
78, 10, 65
77, 10, 65
76, 10, 65
75, 10, 65
74, 10, 65
73, 10, 65
72, 10, 65
71, 10, 65
70, 10, 65
69, 10, 65
68, 10, 65
67, 10, 65
66, 10, 65
65, 10, 65
64, 10, 65
63, 10, 65
62, 10, 65
10, 10, 67
11, 10, 67
12, 10, 67
13, 10, 67
14, 10, 67
15, 10, 67
16, 10, 67
17, 10, 67
37, 10, 65
36, 10, 65
35, 10, 65
34, 10, 65
33, 10, 65
32, 10, 65
31, 10, 65
30, 10, 65
29, 10, 65
28, 10, 65
27, 10, 65
26, 10, 65
25, 10, 65
24, 10, 65
23, 10, 65
22, 10, 65
21, 10, 65
20, 10, 65
19, 10, 65
18, 10, 65
17, 10, 65
16, 10, 65
15, 10, 65
14, 10, 65
13, 10, 65
12, 10, 65
11, 10, 65
10, 10, 65
9, 10, 65
8, 10, 65
7, 10, 65
6, 10, 65
5, 10, 65
94, 9, 65
18, 10, 67
19, 10, 67
20, 10, 67
21, 10, 67
22, 10, 67
23, 10, 67
24, 10, 67
25, 10, 67
26, 10, 67
27, 10, 67
28, 10, 67
29, 10, 67
30, 10, 67
31, 10, 67
32, 10, 67
33, 10, 67
34, 10, 67
35, 10, 67
36, 10, 67
37, 10, 67
62, 10, 67
63, 10, 67
64, 10, 67
65, 10, 67
66, 10, 67
67, 10, 67
68, 10, 67
69, 10, 67
70, 10, 67
71, 10, 67
72, 10, 67
73, 10, 67
74, 10, 67
75, 10, 67
76, 10, 67
77, 10, 67
78, 10, 67
79, 10, 67
80, 10, 67
81, 10, 67
82, 10, 67
83, 10, 67
84, 10, 67
85, 10, 67
86, 10, 67
4, 9, 65
94, 8, 65
93, 8, 65
92, 8, 65
91, 8, 65
90, 8, 65
89, 8, 65
88, 8, 65
87, 8, 65
87, 10, 67
88, 10, 67
89, 10, 67
90, 10, 67
91, 10, 67
92, 10, 67
93, 10, 67
38, 11, 67
61, 11, 67
38, 12, 67
61, 12, 67
39, 13, 67
60, 13, 67
39, 14, 67
59, 14, 67
40, 15, 67
59, 15, 67
41, 16, 67
42, 16, 67
57, 16, 67
58, 16, 67
43, 17, 67
56, 17, 67
44, 18, 67
45, 18, 67
46, 18, 67
53, 18, 67
54, 18, 67
55, 18, 67
47, 19, 67
48, 19, 67
49, 19, 67
50, 19, 67
51, 19, 67
52, 19, 67
45, 0, 68
46, 0, 68
47, 0, 68
12, 8, 65
11, 8, 65
10, 8, 65
9, 8, 65
8, 8, 65
7, 8, 65
6, 8, 65
5, 8, 65
86, 7, 65
85, 7, 65
84, 7, 65
83, 7, 65
82, 7, 65
81, 7, 65
80, 7, 65
79, 7, 65
78, 7, 65
77, 7, 65
76, 7, 65
75, 7, 65
74, 7, 65
73, 7, 65
72, 7, 65
71, 7, 65
70, 7, 65
69, 7, 65
68, 7, 65
67, 7, 65
66, 7, 65
65, 7, 65
64, 7, 65
63, 7, 65
62, 7, 65
48, 0, 68
49, 0, 68
50, 0, 68
51, 0, 68
52, 0, 68
53, 0, 68
54, 0, 68
43, 1, 68
44, 1, 68
55, 1, 68
56, 1, 68
41, 2, 68
42, 2, 68
57, 2, 68
37, 7, 65
36, 7, 65
35, 7, 65
34, 7, 65
33, 7, 65
32, 7, 65
31, 7, 65
30, 7, 65
29, 7, 65
28, 7, 65
27, 7, 65
26, 7, 65
25, 7, 65
24, 7, 65
23, 7, 65
22, 7, 65
21, 7, 65
20, 7, 65
19, 7, 65
18, 7, 65
17, 7, 65
16, 7, 65
15, 7, 65
14, 7, 65
13, 7, 65
61, 6, 65
58, 2, 68
40, 3, 68
59, 3, 68
39, 4, 68
60, 4, 68
39, 5, 68
60, 5, 68
38, 6, 68
38, 6, 65
60, 5, 65
61, 6, 68
23, 7, 68
24, 7, 68
25, 7, 68
26, 7, 68
27, 7, 68
28, 7, 68
29, 7, 68
39, 5, 65
60, 4, 65
30, 7, 68
31, 7, 68
32, 7, 68
33, 7, 68
34, 7, 68
35, 7, 68
39, 4, 65
59, 3, 65
36, 7, 68
37, 7, 68
62, 7, 68
63, 7, 68
64, 7, 68
65, 7, 68
66, 7, 68
67, 7, 68
40, 3, 65
58, 2, 65
57, 2, 65
68, 7, 68
42, 2, 65
41, 2, 65
56, 1, 65
55, 1, 65
69, 7, 68
70, 7, 68
44, 1, 65
43, 1, 65
54, 0, 65
53, 0, 65
52, 0, 65
51, 0, 65
50, 0, 65
49, 0, 65
48, 0, 65
47, 0, 65
46, 0, 65
45, 0, 65
52, 19, 64
51, 19, 64
50, 19, 64
49, 19, 64
48, 19, 64
47, 19, 64
55, 18, 64
54, 18, 64
53, 18, 64
71, 7, 68
72, 7, 68
73, 7, 68
74, 7, 68
46, 18, 64
45, 18, 64
44, 18, 64
57, 17, 64
56, 17, 64
75, 7, 68
76, 7, 68
43, 17, 64
42, 17, 64
58, 16, 64
0, 8, 68
1, 8, 68
41, 16, 64
59, 15, 64
2, 8, 68
3, 8, 68
40, 15, 64
60, 14, 64
4, 8, 68
5, 8, 68
39, 14, 64
60, 13, 64
6, 8, 68
7, 8, 68
8, 8, 68
9, 8, 68
10, 8, 68
11, 8, 68
39, 13, 64
61, 12, 64
12, 8, 68
13, 8, 68
14, 8, 68
15, 8, 68
16, 8, 68
17, 8, 68
38, 12, 64
61, 11, 64
18, 8, 68
19, 8, 68
20, 8, 68
21, 8, 68
22, 8, 68
77, 8, 68
78, 8, 68
79, 8, 68
38, 11, 64
93, 10, 64
92, 10, 64
91, 10, 64
90, 10, 64
89, 10, 64
88, 10, 64
87, 10, 64
86, 10, 64
85, 10, 64
84, 10, 64
83, 10, 64
82, 10, 64
81, 10, 64
80, 10, 64
79, 10, 64
78, 10, 64
77, 10, 64
76, 10, 64
75, 10, 64
74, 10, 64
73, 10, 64
72, 10, 64
71, 10, 64
70, 10, 64
69, 10, 64
68, 10, 64
67, 10, 64
66, 10, 64
65, 10, 64
64, 10, 64
63, 10, 64
62, 10, 64
80, 8, 68
81, 8, 68
82, 8, 68
83, 8, 68
84, 8, 68
85, 8, 68
86, 8, 68
87, 8, 68
37, 10, 64
36, 10, 64
35, 10, 64
34, 10, 64
33, 10, 64
32, 10, 64
31, 10, 64
30, 10, 64
29, 10, 64
28, 10, 64
27, 10, 64
26, 10, 64
25, 10, 64
24, 10, 64
23, 10, 64
22, 10, 64
21, 10, 64
20, 10, 64
19, 10, 64
18, 10, 64
17, 10, 64
16, 10, 64
15, 10, 64
14, 10, 64
13, 10, 64
12, 10, 64
11, 10, 64
10, 10, 64
9, 10, 64
8, 10, 64
7, 10, 64
6, 10, 64
98, 9, 64
97, 9, 64
96, 9, 64
95, 9, 64
94, 9, 64
88, 8, 68
89, 8, 68
90, 8, 68
91, 8, 68
92, 8, 68
93, 8, 68
94, 8, 68
95, 8, 68
96, 8, 68
97, 8, 68
98, 8, 68
99, 8, 68
0, 9, 68
1, 9, 68
2, 9, 68
3, 9, 68
4, 9, 68
95, 9, 68
96, 9, 68
97, 9, 68
98, 9, 68
99, 9, 68
5, 10, 68
6, 10, 68
7, 10, 68
8, 10, 68
9, 10, 68
10, 10, 68
11, 10, 68
12, 10, 68
13, 10, 68
14, 10, 68
15, 10, 68
5, 9, 64
4, 9, 64
3, 9, 64
2, 9, 64
1, 9, 64
0, 9, 64
97, 8, 64
96, 8, 64
95, 8, 64
94, 8, 64
93, 8, 64
92, 8, 64
91, 8, 64
90, 8, 64
89, 8, 64
88, 8, 64
87, 8, 64
16, 10, 68
17, 10, 68
18, 10, 68
19, 10, 68
20, 10, 68
21, 10, 68
22, 10, 68
23, 10, 68
24, 10, 68
25, 10, 68
26, 10, 68
27, 10, 68
28, 10, 68
29, 10, 68
30, 10, 68
31, 10, 68
32, 10, 68
33, 10, 68
34, 10, 68
35, 10, 68
36, 10, 68
37, 10, 68
62, 10, 68
63, 10, 68
64, 10, 68
65, 10, 68
66, 10, 68
67, 10, 68
68, 10, 68
69, 10, 68
70, 10, 68
71, 10, 68
72, 10, 68
73, 10, 68
74, 10, 68
75, 10, 68
76, 10, 68
77, 10, 68
78, 10, 68
12, 8, 64
11, 8, 64
10, 8, 64
9, 8, 64
8, 8, 64
7, 8, 64
6, 8, 64
5, 8, 64
4, 8, 64
3, 8, 64
2, 8, 64
1, 8, 64
86, 7, 64
85, 7, 64
84, 7, 64
83, 7, 64
82, 7, 64
81, 7, 64
80, 7, 64
79, 7, 64
78, 7, 64
77, 7, 64
76, 7, 64
75, 7, 64
74, 7, 64
73, 7, 64
72, 7, 64
71, 7, 64
70, 7, 64
69, 7, 64
68, 7, 64
67, 7, 64
66, 7, 64
65, 7, 64
64, 7, 64
63, 7, 64
62, 7, 64
79, 10, 68
80, 10, 68
81, 10, 68
82, 10, 68
83, 10, 68
84, 10, 68
85, 10, 68
86, 10, 68
37, 7, 64
36, 7, 64
35, 7, 64
34, 7, 64
33, 7, 64
32, 7, 64
31, 7, 64
30, 7, 64
29, 7, 64
28, 7, 64
27, 7, 64
26, 7, 64
25, 7, 64
24, 7, 64
23, 7, 64
22, 7, 64
21, 7, 64
20, 7, 64
19, 7, 64
18, 7, 64
17, 7, 64
16, 7, 64
15, 7, 64
14, 7, 64
13, 7, 64
61, 6, 64
87, 10, 68
88, 10, 68
89, 10, 68
90, 10, 68
91, 10, 68
92, 10, 68
93, 10, 68
94, 10, 68
38, 6, 64
60, 5, 64
38, 11, 68
61, 11, 68
38, 12, 68
61, 12, 68
39, 13, 68
60, 13, 68
40, 14, 68
59, 14, 68
40, 15, 68
38, 5, 64
60, 4, 64
59, 15, 68
41, 16, 68
42, 16, 68
57, 16, 68
58, 16, 68
43, 17, 68
39, 4, 64
59, 3, 64
56, 17, 68
44, 18, 68
45, 18, 68
46, 18, 68
53, 18, 68
54, 18, 68
55, 18, 68
47, 19, 68
40, 3, 64
58, 2, 64
57, 2, 64
48, 19, 68
49, 19, 68
42, 2, 64
41, 2, 64
56, 1, 64
55, 1, 64
50, 19, 68
51, 19, 68
44, 1, 64
43, 1, 64
54, 0, 64
53, 0, 64
52, 0, 64
51, 0, 64
50, 0, 64
49, 0, 64
48, 0, 64
47, 0, 64
46, 0, 64
45, 0, 64
51, 19, 63
50, 19, 63
49, 19, 63
48, 19, 63
55, 18, 63
54, 18, 63
53, 18, 63
52, 18, 63
52, 19, 68
45, 0, 69
47, 18, 63
46, 18, 63
45, 18, 63
44, 18, 63
57, 17, 63
56, 17, 63
46, 0, 69
47, 0, 69
43, 17, 63
42, 17, 63
58, 16, 63
48, 0, 69
49, 0, 69
41, 16, 63
59, 15, 63
50, 0, 69
51, 0, 69
40, 15, 63
60, 14, 63
52, 0, 69
53, 0, 69
39, 14, 63
60, 13, 63
54, 0, 69
43, 1, 69
44, 1, 69
55, 1, 69
56, 1, 69
41, 2, 69
39, 13, 63
61, 12, 63
42, 2, 69
57, 2, 69
58, 2, 69
40, 3, 69
59, 3, 69
39, 4, 69
38, 12, 63
61, 11, 63
60, 4, 69
39, 5, 69
60, 5, 69
38, 6, 69
61, 6, 69
25, 7, 69
26, 7, 69
27, 7, 69
38, 11, 63
93, 10, 63
92, 10, 63
91, 10, 63
90, 10, 63
89, 10, 63
88, 10, 63
87, 10, 63
86, 10, 63
85, 10, 63
84, 10, 63
83, 10, 63
82, 10, 63
81, 10, 63
80, 10, 63
79, 10, 63
78, 10, 63
77, 10, 63
76, 10, 63
75, 10, 63
74, 10, 63
73, 10, 63
72, 10, 63
71, 10, 63
70, 10, 63
69, 10, 63
68, 10, 63
67, 10, 63
66, 10, 63
65, 10, 63
64, 10, 63
63, 10, 63
62, 10, 63
28, 7, 69
33, 7, 69
34, 7, 69
35, 7, 69
36, 7, 69
37, 7, 69
62, 7, 69
63, 7, 69
37, 10, 63
36, 10, 63
35, 10, 63
34, 10, 63
33, 10, 63
32, 10, 63
31, 10, 63
30, 10, 63
29, 10, 63
28, 10, 63
27, 10, 63
26, 10, 63
25, 10, 63
24, 10, 63
23, 10, 63
22, 10, 63
21, 10, 63
20, 10, 63
19, 10, 63
18, 10, 63
17, 10, 63
16, 10, 63
15, 10, 63
14, 10, 63
13, 10, 63
12, 10, 63
11, 10, 63
10, 10, 63
9, 10, 63
8, 10, 63
7, 10, 63
6, 10, 63
99, 9, 63
98, 9, 63
97, 9, 63
96, 9, 63
95, 9, 63
94, 9, 63
64, 7, 69
65, 7, 69
66, 7, 69
71, 7, 69
72, 7, 69
73, 7, 69
74, 7, 69
0, 8, 69
1, 8, 69
2, 8, 69
3, 8, 69
4, 8, 69
5, 8, 69
6, 8, 69
7, 8, 69
8, 8, 69
9, 8, 69
10, 8, 69
11, 8, 69
12, 8, 69
13, 8, 69
14, 8, 69
15, 8, 69
16, 8, 69
17, 8, 69
18, 8, 69
19, 8, 69
20, 8, 69
21, 8, 69
22, 8, 69
23, 8, 69
24, 8, 69
29, 8, 69
30, 8, 69
31, 8, 69
5, 9, 63
4, 9, 63
3, 9, 63
2, 9, 63
1, 9, 63
0, 9, 63
99, 8, 63
98, 8, 63
97, 8, 63
96, 8, 63
95, 8, 63
94, 8, 63
93, 8, 63
92, 8, 63
91, 8, 63
90, 8, 63
89, 8, 63
88, 8, 63
87, 8, 63
86, 8, 63
32, 8, 69
84, 8, 63
83, 8, 63
82, 8, 63
81, 8, 63
80, 8, 63
37, 8, 69
62, 8, 69
67, 8, 69
74, 8, 63
68, 8, 69
69, 8, 69
70, 8, 69
75, 8, 69
76, 8, 69
77, 8, 69
78, 8, 69
79, 8, 69
80, 8, 69
81, 8, 69
82, 8, 69
83, 8, 69
84, 8, 69
85, 8, 69
86, 8, 69
87, 8, 69
88, 8, 69
89, 8, 69
90, 8, 69
91, 8, 69
92, 8, 69
93, 8, 69
94, 8, 69
95, 8, 69
96, 8, 69
25, 8, 63
97, 8, 69
98, 8, 69
99, 8, 69
0, 9, 69
19, 8, 63
18, 8, 63
17, 8, 63
16, 8, 63
15, 8, 63
14, 8, 63
1, 9, 69
12, 8, 63
11, 8, 63
10, 8, 63
9, 8, 63
8, 8, 63
7, 8, 63
6, 8, 63
5, 8, 63
4, 8, 63
3, 8, 63
2, 8, 63
1, 8, 63
0, 8, 63
85, 7, 63
79, 7, 63
78, 7, 63
77, 7, 63
76, 7, 63
75, 7, 63
73, 7, 63
72, 7, 63
71, 7, 63
70, 7, 63
69, 7, 63
68, 7, 63
67, 7, 63
66, 7, 63
65, 7, 63
64, 7, 63
63, 7, 63
62, 7, 63
2, 9, 69
3, 9, 69
4, 9, 69
94, 9, 69
95, 9, 69
96, 9, 69
97, 9, 69
98, 9, 69
99, 9, 69
37, 7, 63
36, 7, 63
35, 7, 63
34, 7, 63
33, 7, 63
32, 7, 63
31, 7, 63
30, 7, 63
29, 7, 63
28, 7, 63
27, 7, 63
26, 7, 63
24, 7, 63
23, 7, 63
22, 7, 63
21, 7, 63
20, 7, 63
13, 7, 63
61, 6, 63
5, 10, 69
6, 10, 69
7, 10, 69
8, 10, 69
9, 10, 69
10, 10, 69
11, 10, 69
12, 10, 69
38, 6, 63
60, 5, 63
13, 10, 69
14, 10, 69
15, 10, 69
16, 10, 69
17, 10, 69
18, 10, 69
19, 10, 69
20, 10, 69
21, 10, 69
38, 5, 63
60, 4, 63
22, 10, 69
23, 10, 69
24, 10, 69
25, 10, 69
26, 10, 69
27, 10, 69
39, 4, 63
59, 3, 63
28, 10, 69
29, 10, 69
30, 10, 69
31, 10, 69
32, 10, 69
33, 10, 69
34, 10, 69
35, 10, 69
40, 3, 63
58, 2, 63
57, 2, 63
36, 10, 69
37, 10, 69
42, 2, 63
41, 2, 63
56, 1, 63
55, 1, 63
62, 10, 69
63, 10, 69
44, 1, 63
43, 1, 63
54, 0, 63
53, 0, 63
52, 0, 63
51, 0, 63
50, 0, 63
49, 0, 63
48, 0, 63
47, 0, 63
46, 0, 63
45, 0, 63
51, 19, 62
50, 19, 62
49, 19, 62
48, 19, 62
54, 18, 62
53, 18, 62
52, 18, 62
64, 10, 69
65, 10, 69
66, 10, 69
67, 10, 69
47, 18, 62
46, 18, 62
45, 18, 62
44, 18, 62
57, 17, 62
56, 17, 62
55, 17, 62
68, 10, 69
69, 10, 69
43, 17, 62
42, 17, 62
58, 16, 62
70, 10, 69
71, 10, 69
72, 10, 69
41, 16, 62
59, 15, 62
73, 10, 69
74, 10, 69
40, 15, 62
60, 14, 62
75, 10, 69
76, 10, 69
39, 14, 62
60, 13, 62
77, 10, 69
78, 10, 69
79, 10, 69
80, 10, 69
81, 10, 69
82, 10, 69
83, 10, 69
39, 13, 62
61, 12, 62
84, 10, 69
85, 10, 69
86, 10, 69
87, 10, 69
88, 10, 69
89, 10, 69
38, 12, 62
61, 11, 62
90, 10, 69
91, 10, 69
92, 10, 69
93, 10, 69
38, 11, 69
61, 11, 69
38, 12, 69
61, 12, 69
39, 13, 69
38, 11, 62
93, 10, 62
92, 10, 62
91, 10, 62
90, 10, 62
89, 10, 62
88, 10, 62
87, 10, 62
86, 10, 62
85, 10, 62
84, 10, 62
83, 10, 62
82, 10, 62
81, 10, 62
80, 10, 62
79, 10, 62
78, 10, 62
77, 10, 62
76, 10, 62
75, 10, 62
74, 10, 62
73, 10, 62
72, 10, 62
71, 10, 62
70, 10, 62
69, 10, 62
68, 10, 62
67, 10, 62
66, 10, 62
65, 10, 62
64, 10, 62
63, 10, 62
62, 10, 62
60, 13, 69
40, 14, 69
59, 14, 69
40, 15, 69
58, 15, 69
41, 16, 69
42, 16, 69
57, 16, 69
37, 10, 62
36, 10, 62
35, 10, 62
34, 10, 62
33, 10, 62
32, 10, 62
31, 10, 62
30, 10, 62
29, 10, 62
28, 10, 62
27, 10, 62
26, 10, 62
25, 10, 62
24, 10, 62
23, 10, 62
22, 10, 62
21, 10, 62
20, 10, 62
19, 10, 62
18, 10, 62
17, 10, 62
16, 10, 62
15, 10, 62
14, 10, 62
13, 10, 62
12, 10, 62
11, 10, 62
10, 10, 62
9, 10, 62
8, 10, 62
7, 10, 62
6, 10, 62
99, 9, 62
98, 9, 62
97, 9, 62
96, 9, 62
95, 9, 62
94, 9, 62
43, 17, 69
44, 17, 69
55, 17, 69
56, 17, 69
45, 18, 69
46, 18, 69
53, 18, 69
54, 18, 69
47, 19, 69
48, 19, 69
49, 19, 69
50, 19, 69
51, 19, 69
52, 19, 69
45, 0, 70
46, 0, 70
62, 9, 62
47, 0, 70
48, 0, 70
49, 0, 70
50, 0, 70
51, 0, 70
52, 0, 70
53, 0, 70
43, 1, 70
44, 1, 70
37, 9, 62
36, 9, 62
54, 1, 70
55, 1, 70
56, 1, 70
41, 2, 70
42, 2, 70
57, 2, 70
58, 2, 70
40, 3, 70
59, 3, 70
39, 4, 70
60, 4, 70
39, 5, 70
60, 5, 70
38, 6, 70
60, 6, 70
5, 9, 62
4, 9, 62
3, 9, 62
2, 9, 62
1, 9, 62
0, 9, 62
99, 8, 62
98, 8, 62
97, 8, 62
96, 8, 62
95, 8, 62
94, 8, 62
93, 8, 62
92, 8, 62
91, 8, 62
90, 8, 62
89, 8, 62
88, 8, 62
87, 8, 62
86, 8, 62
85, 8, 62
84, 8, 62
83, 8, 62
82, 8, 62
81, 8, 62
80, 8, 62
38, 7, 70
61, 7, 70
0, 8, 70
1, 8, 70
2, 8, 70
74, 8, 62
73, 8, 62
3, 8, 70
4, 8, 70
5, 8, 70
6, 8, 70
68, 8, 62
67, 8, 62
66, 8, 62
65, 8, 62
64, 8, 62
63, 8, 62
62, 8, 62
7, 8, 70
8, 8, 70
9, 8, 70
10, 8, 70
11, 8, 70
12, 8, 70
13, 8, 70
37, 8, 62
36, 8, 62
35, 8, 62
34, 8, 62
33, 8, 62
32, 8, 62
31, 8, 62
14, 8, 70
15, 8, 70
16, 8, 70
17, 8, 70
26, 8, 62
25, 8, 62
18, 8, 70
19, 8, 70
20, 8, 70
21, 8, 70
22, 8, 70
19, 8, 62
18, 8, 62
17, 8, 62
16, 8, 62
15, 8, 62
14, 8, 62
13, 8, 62
12, 8, 62
11, 8, 62
10, 8, 62
9, 8, 62
8, 8, 62
7, 8, 62
6, 8, 62
5, 8, 62
4, 8, 62
3, 8, 62
2, 8, 62
1, 8, 62
0, 8, 62
79, 7, 62
78, 7, 62
77, 7, 62
76, 7, 62
75, 7, 62
72, 7, 62
71, 7, 62
70, 7, 62
69, 7, 62
61, 7, 62
23, 8, 70
24, 8, 70
25, 8, 70
26, 8, 70
27, 8, 70
28, 8, 70
29, 8, 70
38, 7, 62
30, 7, 62
29, 7, 62
28, 7, 62
27, 7, 62
24, 7, 62
23, 7, 62
22, 7, 62
21, 7, 62
20, 7, 62
61, 6, 62
30, 8, 70
31, 8, 70
32, 8, 70
33, 8, 70
34, 8, 70
35, 8, 70
36, 8, 70
38, 8, 70
38, 6, 62
60, 5, 62
61, 8, 70
63, 8, 70
64, 8, 70
65, 8, 70
66, 8, 70
67, 8, 70
68, 8, 70
69, 8, 70
70, 8, 70
39, 5, 62
60, 4, 62
71, 8, 70
72, 8, 70
73, 8, 70
74, 8, 70
75, 8, 70
76, 8, 70
39, 4, 62
59, 3, 62
77, 8, 70
78, 8, 70
79, 8, 70
80, 8, 70
81, 8, 70
82, 8, 70
83, 8, 70
84, 8, 70
40, 3, 62
58, 2, 62
57, 2, 62
85, 8, 70
86, 8, 70
42, 2, 62
41, 2, 62
56, 1, 62
55, 1, 62
87, 8, 70
88, 8, 70
44, 1, 62
43, 1, 62
54, 0, 62
53, 0, 62
52, 0, 62
51, 0, 62
50, 0, 62
49, 0, 62
48, 0, 62
47, 0, 62
46, 0, 62
45, 0, 62
50, 19, 61
49, 19, 61
54, 18, 61
53, 18, 61
52, 18, 61
51, 18, 61
89, 8, 70
90, 8, 70
48, 18, 61
47, 18, 61
46, 18, 61
45, 18, 61
57, 17, 61
56, 17, 61
55, 17, 61
91, 8, 70
92, 8, 70
44, 17, 61
43, 17, 61
42, 17, 61
58, 16, 61
93, 8, 70
94, 8, 70
41, 16, 61
59, 15, 61
95, 8, 70
96, 8, 70
40, 15, 61
59, 14, 61
97, 8, 70
39, 14, 61
60, 13, 61
98, 8, 70
99, 8, 70
0, 9, 70
1, 9, 70
2, 9, 70
3, 9, 70
4, 9, 70
5, 9, 70
39, 13, 61
60, 12, 61
34, 9, 70
35, 9, 70
36, 9, 70
37, 9, 70
62, 9, 70
38, 12, 61
61, 11, 61
63, 9, 70
64, 9, 70
65, 9, 70
94, 9, 70
95, 9, 70
96, 9, 70
97, 9, 70
98, 9, 70
99, 9, 70
6, 10, 70
38, 11, 61
93, 10, 61
92, 10, 61
91, 10, 61
90, 10, 61
89, 10, 61
88, 10, 61
87, 10, 61
86, 10, 61
85, 10, 61
84, 10, 61
83, 10, 61
82, 10, 61
81, 10, 61
80, 10, 61
79, 10, 61
78, 10, 61
77, 10, 61
76, 10, 61
75, 10, 61
74, 10, 61
73, 10, 61
72, 10, 61
71, 10, 61
70, 10, 61
69, 10, 61
68, 10, 61
67, 10, 61
66, 10, 61
65, 10, 61
61, 10, 61
7, 10, 70
8, 10, 70
9, 10, 70
10, 10, 70
11, 10, 70
12, 10, 70
13, 10, 70
38, 10, 61
34, 10, 61
33, 10, 61
32, 10, 61
31, 10, 61
30, 10, 61
29, 10, 61
28, 10, 61
27, 10, 61
26, 10, 61
25, 10, 61
24, 10, 61
23, 10, 61
22, 10, 61
21, 10, 61
20, 10, 61
19, 10, 61
18, 10, 61
17, 10, 61
16, 10, 61
15, 10, 61
14, 10, 61
13, 10, 61
12, 10, 61
11, 10, 61
10, 10, 61
9, 10, 61
8, 10, 61
7, 10, 61
6, 10, 61
99, 9, 61
98, 9, 61
97, 9, 61
96, 9, 61
95, 9, 61
94, 9, 61
14, 10, 70
15, 10, 70
16, 10, 70
17, 10, 70
18, 10, 70
19, 10, 70
20, 10, 70
21, 10, 70
22, 10, 70
23, 10, 70
65, 9, 61
64, 9, 61
63, 9, 61
61, 9, 61
24, 10, 70
25, 10, 70
26, 10, 70
27, 10, 70
28, 10, 70
29, 10, 70
30, 10, 70
31, 10, 70
38, 9, 61
35, 9, 61
34, 9, 61
32, 10, 70
33, 10, 70
34, 10, 70
38, 10, 70
61, 10, 70
64, 10, 70
65, 10, 70
66, 10, 70
67, 10, 70
68, 10, 70
69, 10, 70
5, 9, 61
4, 9, 61
3, 9, 61
2, 9, 61
1, 9, 61
0, 9, 61
99, 8, 61
98, 8, 61
97, 8, 61
96, 8, 61
95, 8, 61
94, 8, 61
93, 8, 61
92, 8, 61
91, 8, 61
90, 8, 61
89, 8, 61
88, 8, 61
87, 8, 61
86, 8, 61
85, 8, 61
84, 8, 61
83, 8, 61
82, 8, 61
81, 8, 61
80, 8, 61
79, 8, 61
78, 8, 61
77, 8, 61
76, 8, 61
75, 8, 61
74, 8, 61
73, 8, 61
72, 8, 61
71, 8, 61
70, 8, 61
69, 8, 61
68, 8, 61
67, 8, 61
66, 8, 61
65, 8, 61
64, 8, 61
61, 8, 61
70, 10, 70
71, 10, 70
72, 10, 70
73, 10, 70
74, 10, 70
38, 8, 61
35, 8, 61
34, 8, 61
33, 8, 61
32, 8, 61
31, 8, 61
30, 8, 61
29, 8, 61
28, 8, 61
27, 8, 61
26, 8, 61
25, 8, 61
24, 8, 61
23, 8, 61
22, 8, 61
21, 8, 61
20, 8, 61
19, 8, 61
18, 8, 61
17, 8, 61
16, 8, 61
15, 8, 61
14, 8, 61
13, 8, 61
12, 8, 61
11, 8, 61
10, 8, 61
9, 8, 61
8, 8, 61
7, 8, 61
6, 8, 61
5, 8, 61
4, 8, 61
3, 8, 61
2, 8, 61
1, 8, 61
0, 8, 61
61, 7, 61
75, 10, 70
76, 10, 70
77, 10, 70
78, 10, 70
79, 10, 70
80, 10, 70
81, 10, 70
82, 10, 70
38, 7, 61
61, 6, 61
83, 10, 70
84, 10, 70
85, 10, 70
86, 10, 70
87, 10, 70
88, 10, 70
89, 10, 70
90, 10, 70
38, 6, 61
60, 5, 61
91, 10, 70
92, 10, 70
93, 10, 70
38, 11, 70
61, 11, 70
38, 12, 70
60, 12, 70
39, 13, 70
60, 13, 70
40, 14, 70
39, 5, 61
59, 4, 61
59, 14, 70
41, 15, 70
58, 15, 70
42, 16, 70
57, 16, 70
43, 17, 70
39, 4, 61
59, 3, 61
58, 3, 61
44, 17, 70
55, 17, 70
56, 17, 70
45, 18, 70
46, 18, 70
52, 18, 70
53, 18, 70
54, 18, 70
47, 19, 70
40, 3, 61
57, 2, 61
48, 19, 70
49, 19, 70
42, 2, 61
41, 2, 61
56, 1, 61
55, 1, 61
50, 19, 70
51, 19, 70
44, 1, 61
43, 1, 61
54, 0, 61
53, 0, 61
52, 0, 61
51, 0, 61
50, 0, 61
49, 0, 61
48, 0, 61
47, 0, 61
46, 0, 61
45, 0, 61
54, 18, 60
53, 18, 60
52, 18, 60
51, 18, 60
50, 18, 60
49, 18, 60
48, 18, 60
47, 18, 60
46, 18, 60
45, 18, 60
58, 17, 60
57, 17, 60
56, 17, 60
55, 17, 60
46, 0, 71
47, 0, 71
44, 17, 60
43, 17, 60
42, 17, 60
41, 17, 60
58, 16, 60
48, 0, 71
41, 16, 60
59, 15, 60
49, 0, 71
50, 0, 71
40, 15, 60
59, 14, 60
40, 14, 60
60, 13, 60
51, 0, 71
52, 0, 71
53, 0, 71
43, 1, 71
44, 1, 71
45, 1, 71
54, 1, 71
55, 1, 71
39, 13, 60
60, 12, 60
56, 1, 71
41, 2, 71
42, 2, 71
57, 2, 71
39, 12, 60
61, 11, 60
58, 2, 71
40, 3, 71
59, 3, 71
39, 4, 71
59, 4, 71
39, 5, 71
60, 5, 71
39, 6, 71
60, 6, 71
38, 7, 71
38, 11, 60
93, 10, 60
92, 10, 60
91, 10, 60
90, 10, 60
89, 10, 60
88, 10, 60
87, 10, 60
86, 10, 60
85, 10, 60
84, 10, 60
83, 10, 60
82, 10, 60
81, 10, 60
80, 10, 60
79, 10, 60
78, 10, 60
77, 10, 60
76, 10, 60
75, 10, 60
74, 10, 60
73, 10, 60
72, 10, 60
71, 10, 60
70, 10, 60
69, 10, 60
68, 10, 60
67, 10, 60
61, 10, 60
61, 7, 71
2, 8, 71
3, 8, 71
4, 8, 71
5, 8, 71
6, 8, 71
38, 10, 60
32, 10, 60
31, 10, 60
30, 10, 60
29, 10, 60
28, 10, 60
27, 10, 60
26, 10, 60
25, 10, 60
24, 10, 60
23, 10, 60
22, 10, 60
21, 10, 60
20, 10, 60
19, 10, 60
18, 10, 60
17, 10, 60
16, 10, 60
15, 10, 60
14, 10, 60
13, 10, 60
12, 10, 60
11, 10, 60
10, 10, 60
9, 10, 60
8, 10, 60
7, 10, 60
6, 10, 60
99, 9, 60
98, 9, 60
97, 9, 60
96, 9, 60
95, 9, 60
94, 9, 60
7, 8, 71
8, 8, 71
9, 8, 71
10, 8, 71
11, 8, 71
12, 8, 71
13, 8, 71
14, 8, 71
66, 9, 60
61, 9, 60
15, 8, 71
16, 8, 71
17, 8, 71
18, 8, 71
19, 8, 71
20, 8, 71
21, 8, 71
38, 9, 60
33, 9, 60
22, 8, 71
23, 8, 71
24, 8, 71
25, 8, 71
26, 8, 71
27, 8, 71
28, 8, 71
29, 8, 71
30, 8, 71
5, 9, 60
4, 9, 60
3, 9, 60
2, 9, 60
1, 9, 60
0, 9, 60
99, 8, 60
98, 8, 60
97, 8, 60
96, 8, 60
95, 8, 60
94, 8, 60
93, 8, 60
92, 8, 60
91, 8, 60
90, 8, 60
89, 8, 60
88, 8, 60
87, 8, 60
86, 8, 60
85, 8, 60
84, 8, 60
83, 8, 60
82, 8, 60
81, 8, 60
80, 8, 60
79, 8, 60
78, 8, 60
77, 8, 60
76, 8, 60
75, 8, 60
74, 8, 60
73, 8, 60
72, 8, 60
71, 8, 60
70, 8, 60
69, 8, 60
68, 8, 60
67, 8, 60
66, 8, 60
61, 8, 60
31, 8, 71
32, 8, 71
33, 8, 71
38, 8, 71
61, 8, 71
66, 8, 71
38, 8, 60
33, 8, 60
32, 8, 60
31, 8, 60
30, 8, 60
29, 8, 60
28, 8, 60
27, 8, 60
26, 8, 60
25, 8, 60
24, 8, 60
23, 8, 60
22, 8, 60
21, 8, 60
20, 8, 60
19, 8, 60
18, 8, 60
17, 8, 60
16, 8, 60
15, 8, 60
14, 8, 60
13, 8, 60
12, 8, 60
11, 8, 60
10, 8, 60
9, 8, 60
8, 8, 60
7, 8, 60
6, 8, 60
5, 8, 60
4, 8, 60
3, 8, 60
2, 8, 60
1, 8, 60
0, 8, 60
61, 7, 60
67, 8, 71
68, 8, 71
69, 8, 71
70, 8, 71
71, 8, 71
72, 8, 71
73, 8, 71
74, 8, 71
38, 7, 60
60, 6, 60
75, 8, 71
76, 8, 71
77, 8, 71
78, 8, 71
79, 8, 71
80, 8, 71
39, 6, 60
60, 5, 60
81, 8, 71
82, 8, 71
83, 8, 71
84, 8, 71
85, 8, 71
86, 8, 71
87, 8, 71
88, 8, 71
89, 8, 71
90, 8, 71
39, 5, 60
59, 4, 60
91, 8, 71
92, 8, 71
93, 8, 71
94, 8, 71
95, 8, 71
96, 8, 71
40, 4, 60
58, 3, 60
97, 8, 71
0, 9, 71
1, 9, 71
2, 9, 71
3, 9, 71
4, 9, 71
5, 9, 71
32, 9, 71
41, 3, 60
57, 2, 60
33, 9, 71
38, 9, 71
42, 2, 60
56, 1, 60
55, 1, 60
54, 1, 60
61, 9, 71
66, 9, 71
67, 9, 71
44, 1, 60
43, 1, 60
53, 0, 60
52, 0, 60
51, 0, 60
50, 0, 60
49, 0, 60
48, 0, 60
47, 0, 60
46, 0, 60
45, 0, 60
58, 18, 59
57, 18, 59
54, 18, 59
53, 18, 59
52, 18, 59
51, 18, 59
50, 18, 59
49, 18, 59
48, 18, 59
47, 18, 59
46, 18, 59
45, 18, 59
42, 18, 59
41, 18, 59
58, 17, 59
94, 9, 71
56, 17, 59
55, 17, 59
95, 9, 71
96, 9, 71
97, 9, 71
98, 9, 71
44, 17, 59
43, 17, 59
99, 9, 71
6, 10, 71
40, 17, 59
58, 16, 59
7, 10, 71
40, 16, 59
58, 15, 59
8, 10, 71
40, 15, 59
59, 14, 59
9, 10, 71
40, 14, 59
60, 13, 59
10, 10, 71
11, 10, 71
12, 10, 71
13, 10, 71
14, 10, 71
15, 10, 71
16, 10, 71
17, 10, 71
39, 13, 59
60, 12, 59
18, 10, 71
19, 10, 71
20, 10, 71
21, 10, 71
22, 10, 71
23, 10, 71
39, 12, 59
60, 11, 59
24, 10, 71
25, 10, 71
26, 10, 71
27, 10, 71
28, 10, 71
29, 10, 71
30, 10, 71
31, 10, 71
39, 11, 59
93, 10, 59
92, 10, 59
91, 10, 59
90, 10, 59
89, 10, 59
88, 10, 59
87, 10, 59
86, 10, 59
85, 10, 59
84, 10, 59
83, 10, 59
82, 10, 59
81, 10, 59
80, 10, 59
79, 10, 59
78, 10, 59
77, 10, 59
76, 10, 59
75, 10, 59
74, 10, 59
73, 10, 59
72, 10, 59
71, 10, 59
70, 10, 59
69, 10, 59
61, 10, 59
32, 10, 71
38, 10, 71
61, 10, 71
67, 10, 71
68, 10, 71
69, 10, 71
70, 10, 71
71, 10, 71
38, 10, 59
30, 10, 59
29, 10, 59
28, 10, 59
27, 10, 59
26, 10, 59
25, 10, 59
24, 10, 59
23, 10, 59
22, 10, 59
21, 10, 59
20, 10, 59
19, 10, 59
18, 10, 59
17, 10, 59
16, 10, 59
15, 10, 59
14, 10, 59
13, 10, 59
12, 10, 59
11, 10, 59
10, 10, 59
9, 10, 59
8, 10, 59
7, 10, 59
6, 10, 59
99, 9, 59
98, 9, 59
97, 9, 59
96, 9, 59
95, 9, 59
94, 9, 59
72, 10, 71
73, 10, 71
74, 10, 71
75, 10, 71
68, 9, 59
67, 9, 59
61, 9, 59
76, 10, 71
77, 10, 71
78, 10, 71
79, 10, 71
80, 10, 71
81, 10, 71
82, 10, 71
38, 9, 59
32, 9, 59
31, 9, 59
83, 10, 71
84, 10, 71
85, 10, 71
86, 10, 71
5, 9, 59
4, 9, 59
3, 9, 59
2, 9, 59
1, 9, 59
0, 9, 59
97, 8, 59
96, 8, 59
95, 8, 59
94, 8, 59
93, 8, 59
92, 8, 59
91, 8, 59
90, 8, 59
89, 8, 59
88, 8, 59
87, 8, 59
86, 8, 59
85, 8, 59
84, 8, 59
83, 8, 59
82, 8, 59
81, 8, 59
80, 8, 59
79, 8, 59
78, 8, 59
77, 8, 59
76, 8, 59
75, 8, 59
74, 8, 59
73, 8, 59
72, 8, 59
71, 8, 59
70, 8, 59
69, 8, 59
68, 8, 59
67, 8, 59
61, 8, 59
87, 10, 71
88, 10, 71
89, 10, 71
90, 10, 71
91, 10, 71
92, 10, 71
93, 10, 71
38, 11, 71
61, 11, 71
38, 8, 59
31, 8, 59
30, 8, 59
29, 8, 59
28, 8, 59
27, 8, 59
26, 8, 59
25, 8, 59
24, 8, 59
23, 8, 59
22, 8, 59
21, 8, 59
20, 8, 59
19, 8, 59
18, 8, 59
17, 8, 59
16, 8, 59
15, 8, 59
14, 8, 59
13, 8, 59
12, 8, 59
11, 8, 59
10, 8, 59
9, 8, 59
8, 8, 59
7, 8, 59
6, 8, 59
5, 8, 59
4, 8, 59
3, 8, 59
2, 8, 59
61, 7, 59
39, 12, 71
60, 12, 71
39, 13, 71
60, 13, 71
40, 14, 71
59, 14, 71
41, 15, 71
38, 7, 59
60, 6, 59
58, 15, 71
42, 16, 71
57, 16, 71
43, 17, 71
44, 17, 71
55, 17, 71
39, 6, 59
60, 5, 59
56, 17, 71
45, 18, 71
46, 18, 71
47, 18, 71
52, 18, 71
53, 18, 71
54, 18, 71
48, 19, 71
49, 19, 71
50, 19, 71
39, 5, 59
59, 4, 59
51, 19, 71
49, 0, 72
50, 0, 72
44, 1, 72
45, 1, 72
46, 1, 72
47, 1, 72
40, 4, 59
58, 3, 59
48, 1, 72
51, 1, 72
52, 1, 72
53, 1, 72
54, 1, 72
55, 1, 72
42, 2, 72
43, 2, 72
41, 3, 59
57, 2, 59
56, 2, 72
57, 2, 72
41, 3, 72
42, 2, 59
56, 1, 59
55, 1, 59
54, 1, 59
58, 3, 72
40, 4, 72
59, 4, 72
45, 1, 59
44, 1, 59
43, 1, 59
53, 0, 59
52, 0, 59
51, 0, 59
50, 0, 59
49, 0, 59
48, 0, 59
47, 0, 59
46, 0, 59
59, 18, 58
58, 18, 58
57, 18, 58
53, 18, 58
52, 18, 58
51, 18, 58
50, 18, 58
49, 18, 58
48, 18, 58
47, 18, 58
46, 18, 58
42, 18, 58
41, 18, 58
40, 18, 58
59, 17, 58
39, 5, 72
60, 5, 72
56, 17, 58
55, 17, 58
54, 17, 58
39, 6, 72
60, 6, 72
45, 17, 58
44, 17, 58
43, 17, 58
39, 7, 72
40, 17, 58
59, 16, 58
60, 7, 72
4, 8, 72
40, 16, 58
58, 15, 58
5, 8, 72
40, 15, 58
59, 14, 58
6, 8, 72
7, 8, 72
40, 14, 58
59, 13, 58
8, 8, 72
9, 8, 72
10, 8, 72
11, 8, 72
12, 8, 72
13, 8, 72
40, 13, 58
60, 12, 58
14, 8, 72
15, 8, 72
16, 8, 72
17, 8, 72
18, 8, 72
19, 8, 72
39, 12, 58
60, 11, 58
20, 8, 72
21, 8, 72
22, 8, 72
23, 8, 72
24, 8, 72
25, 8, 72
26, 8, 72
27, 8, 72
39, 11, 58
92, 10, 58
91, 10, 58
90, 10, 58
89, 10, 58
88, 10, 58
87, 10, 58
86, 10, 58
85, 10, 58
84, 10, 58
83, 10, 58
82, 10, 58
81, 10, 58
80, 10, 58
79, 10, 58
78, 10, 58
77, 10, 58
76, 10, 58
75, 10, 58
74, 10, 58
73, 10, 58
72, 10, 58
71, 10, 58
70, 10, 58
60, 10, 58
28, 8, 72
29, 8, 72
30, 8, 72
31, 8, 72
38, 8, 72
61, 8, 72
68, 8, 72
38, 10, 58
29, 10, 58
28, 10, 58
27, 10, 58
26, 10, 58
25, 10, 58
24, 10, 58
23, 10, 58
22, 10, 58
21, 10, 58
20, 10, 58
19, 10, 58
18, 10, 58
17, 10, 58
16, 10, 58
15, 10, 58
14, 10, 58
13, 10, 58
12, 10, 58
11, 10, 58
10, 10, 58
9, 10, 58
8, 10, 58
7, 10, 58
94, 9, 58
93, 9, 58
69, 8, 72
70, 8, 72
71, 8, 72
69, 9, 58
61, 9, 58
72, 8, 72
73, 8, 72
74, 8, 72
75, 8, 72
76, 8, 72
77, 8, 72
38, 9, 58
30, 9, 58
78, 8, 72
79, 8, 72
80, 8, 72
81, 8, 72
6, 9, 58
5, 9, 58
94, 8, 58
93, 8, 58
92, 8, 58
91, 8, 58
90, 8, 58
89, 8, 58
88, 8, 58
87, 8, 58
86, 8, 58
85, 8, 58
84, 8, 58
83, 8, 58
82, 8, 58
81, 8, 58
80, 8, 58
79, 8, 58
78, 8, 58
77, 8, 58
76, 8, 58
75, 8, 58
74, 8, 58
73, 8, 58
72, 8, 58
71, 8, 58
70, 8, 58
69, 8, 58
61, 8, 58
82, 8, 72
83, 8, 72
84, 8, 72
85, 8, 72
86, 8, 72
87, 8, 72
88, 8, 72
89, 8, 72
90, 8, 72
91, 8, 72
38, 8, 58
30, 8, 58
29, 8, 58
28, 8, 58
27, 8, 58
26, 8, 58
25, 8, 58
24, 8, 58
23, 8, 58
22, 8, 58
21, 8, 58
20, 8, 58
19, 8, 58
18, 8, 58
17, 8, 58
16, 8, 58
15, 8, 58
14, 8, 58
13, 8, 58
12, 8, 58
11, 8, 58
10, 8, 58
9, 8, 58
8, 8, 58
7, 8, 58
6, 8, 58
5, 8, 58
60, 7, 58
92, 8, 72
93, 8, 72
94, 8, 72
4, 9, 72
5, 9, 72
38, 7, 58
60, 6, 58
31, 9, 72
38, 9, 72
61, 9, 72
68, 9, 72
94, 9, 72
95, 9, 72
6, 10, 72
7, 10, 72
39, 6, 58
59, 5, 58
8, 10, 72
9, 10, 72
10, 10, 72
11, 10, 72
12, 10, 72
13, 10, 72
14, 10, 72
15, 10, 72
16, 10, 72
39, 5, 58
59, 4, 58
17, 10, 72
18, 10, 72
19, 10, 72
20, 10, 72
21, 10, 72
22, 10, 72
23, 10, 72
24, 10, 72
40, 4, 58
58, 3, 58
25, 10, 72
26, 10, 72
27, 10, 72
28, 10, 72
29, 10, 72
30, 10, 72
41, 3, 58
57, 2, 58
56, 2, 58
38, 10, 72
61, 10, 72
43, 2, 58
42, 2, 58
55, 1, 58
54, 1, 58
53, 1, 58
68, 10, 72
69, 10, 72
46, 1, 58
45, 1, 58
44, 1, 58
52, 0, 58
51, 0, 58
50, 0, 58
49, 0, 58
48, 0, 58
47, 0, 58
59, 19, 57
58, 19, 57
41, 19, 57
40, 19, 57
59, 18, 57
70, 10, 72
57, 18, 57
52, 18, 57
51, 18, 57
50, 18, 57
49, 18, 57
48, 18, 57
47, 18, 57
42, 18, 57
71, 10, 72
40, 18, 57
59, 17, 57
72, 10, 72
56, 17, 57
55, 17, 57
54, 17, 57
53, 17, 57
73, 10, 72
74, 10, 72
75, 10, 72
46, 17, 57
45, 17, 57
44, 17, 57
43, 17, 57
76, 10, 72
40, 17, 57
59, 16, 57
77, 10, 72
78, 10, 72
40, 16, 57
58, 15, 57
79, 10, 72
40, 15, 57
59, 14, 57
80, 10, 72
81, 10, 72
40, 14, 57
59, 13, 57
82, 10, 72
83, 10, 72
84, 10, 72
85, 10, 72
86, 10, 72
87, 10, 72
88, 10, 72
40, 13, 57
60, 12, 57
89, 10, 72
90, 10, 72
91, 10, 72
92, 10, 72
93, 10, 72
39, 11, 72
60, 11, 72
39, 12, 72
39, 12, 57
60, 11, 57
60, 12, 72
39, 13, 72
59, 13, 72
40, 14, 72
59, 14, 72
41, 15, 72
58, 15, 72
42, 16, 72
39, 11, 57
92, 10, 57
91, 10, 57
90, 10, 57
89, 10, 57
88, 10, 57
87, 10, 57
86, 10, 57
85, 10, 57
84, 10, 57
83, 10, 57
82, 10, 57
81, 10, 57
80, 10, 57
79, 10, 57
78, 10, 57
77, 10, 57
76, 10, 57
75, 10, 57
74, 10, 57
73, 10, 57
72, 10, 57
60, 10, 57
43, 16, 72
56, 16, 72
57, 16, 72
44, 17, 72
54, 17, 72
55, 17, 72
39, 10, 57
27, 10, 57
26, 10, 57
25, 10, 57
24, 10, 57
23, 10, 57
22, 10, 57
21, 10, 57
20, 10, 57
19, 10, 57
18, 10, 57
17, 10, 57
16, 10, 57
15, 10, 57
14, 10, 57
13, 10, 57
12, 10, 57
11, 10, 57
10, 10, 57
9, 10, 57
8, 10, 57
7, 10, 57
96, 9, 57
95, 9, 57
94, 9, 57
93, 9, 57
45, 18, 72
46, 18, 72
47, 18, 72
71, 9, 57
70, 9, 57
60, 9, 57
48, 18, 72
51, 18, 72
52, 18, 72
53, 18, 72
39, 9, 57
29, 9, 57
28, 9, 57
49, 19, 72
50, 19, 72
45, 1, 73
6, 9, 57
5, 9, 57
4, 9, 57
3, 9, 57
95, 8, 57
94, 8, 57
93, 8, 57
92, 8, 57
91, 8, 57
90, 8, 57
89, 8, 57
88, 8, 57
87, 8, 57
86, 8, 57
85, 8, 57
84, 8, 57
83, 8, 57
82, 8, 57
81, 8, 57
80, 8, 57
79, 8, 57
78, 8, 57
77, 8, 57
76, 8, 57
75, 8, 57
74, 8, 57
73, 8, 57
72, 8, 57
71, 8, 57
70, 8, 57
60, 8, 57
46, 1, 73
47, 1, 73
48, 1, 73
49, 1, 73
50, 1, 73
51, 1, 73
39, 8, 57
29, 8, 57
28, 8, 57
27, 8, 57
26, 8, 57
25, 8, 57
24, 8, 57
23, 8, 57
22, 8, 57
21, 8, 57
20, 8, 57
19, 8, 57
18, 8, 57
17, 8, 57
16, 8, 57
15, 8, 57
14, 8, 57
13, 8, 57
12, 8, 57
11, 8, 57
10, 8, 57
9, 8, 57
8, 8, 57
7, 8, 57
6, 8, 57
5, 8, 57
4, 8, 57
60, 7, 57
52, 1, 73
53, 1, 73
54, 1, 73
43, 2, 73
39, 7, 57
60, 6, 57
44, 2, 73
55, 2, 73
56, 2, 73
41, 3, 73
42, 3, 73
57, 3, 73
40, 4, 73
58, 4, 73
39, 6, 57
59, 5, 57
59, 4, 73
39, 5, 73
59, 5, 73
39, 6, 73
60, 6, 73
39, 7, 73
60, 7, 73
2, 8, 73
40, 5, 57
59, 4, 57
3, 8, 73
4, 8, 73
5, 8, 73
6, 8, 73
7, 8, 73
8, 8, 73
9, 8, 73
10, 8, 73
40, 4, 57
58, 3, 57
11, 8, 73
12, 8, 73
13, 8, 73
14, 8, 73
15, 8, 73
16, 8, 73
17, 8, 73
41, 3, 57
57, 2, 57
56, 2, 57
18, 8, 73
19, 8, 73
43, 2, 57
42, 2, 57
55, 1, 57
54, 1, 57
53, 1, 57
20, 8, 73
21, 8, 73
22, 8, 73
23, 8, 73
46, 1, 57
45, 1, 57
44, 1, 57
52, 0, 57
51, 0, 57
50, 0, 57
49, 0, 57
48, 0, 57
47, 0, 57
60, 19, 56
59, 19, 56
58, 19, 56
41, 19, 56
40, 19, 56
39, 19, 56
59, 18, 56
24, 8, 73
57, 18, 56
51, 18, 56
50, 18, 56
49, 18, 56
48, 18, 56
42, 18, 56
25, 8, 73
26, 8, 73
39, 18, 56
59, 17, 56
27, 8, 73
56, 17, 56
55, 17, 56
54, 17, 56
53, 17, 56
52, 17, 56
28, 8, 73
29, 8, 73
30, 8, 73
38, 8, 73
47, 17, 56
46, 17, 56
45, 17, 56
44, 17, 56
43, 17, 56
61, 8, 73
40, 17, 56
59, 16, 56
69, 8, 73
70, 8, 73
71, 8, 73
72, 8, 73
73, 8, 73
74, 8, 73
40, 16, 56
58, 15, 56
41, 15, 56
58, 14, 56
41, 14, 56
59, 13, 56
75, 8, 73
76, 8, 73
77, 8, 73
78, 8, 73
79, 8, 73
80, 8, 73
40, 13, 56
59, 12, 56
81, 8, 73
82, 8, 73
83, 8, 73
84, 8, 73
85, 8, 73
86, 8, 73
87, 8, 73
39, 12, 56
60, 11, 56
88, 8, 73
89, 8, 73
90, 8, 73
91, 8, 73
92, 8, 73
93, 8, 73
94, 8, 73
95, 8, 73
96, 8, 73
97, 8, 73
39, 11, 56
92, 10, 56
91, 10, 56
90, 10, 56
89, 10, 56
88, 10, 56
87, 10, 56
86, 10, 56
85, 10, 56
84, 10, 56
83, 10, 56
82, 10, 56
81, 10, 56
80, 10, 56
79, 10, 56
78, 10, 56
77, 10, 56
76, 10, 56
75, 10, 56
74, 10, 56
73, 10, 56
60, 10, 56
1, 9, 73
2, 9, 73
3, 9, 73
4, 9, 73
5, 9, 73
30, 9, 73
39, 10, 56
26, 10, 56
25, 10, 56
24, 10, 56
23, 10, 56
22, 10, 56
21, 10, 56
20, 10, 56
19, 10, 56
18, 10, 56
17, 10, 56
16, 10, 56
15, 10, 56
14, 10, 56
13, 10, 56
12, 10, 56
11, 10, 56
10, 10, 56
9, 10, 56
8, 10, 56
7, 10, 56
97, 9, 56
96, 9, 56
95, 9, 56
94, 9, 56
93, 9, 56
38, 9, 73
60, 9, 73
69, 9, 73
94, 9, 73
95, 9, 73
96, 9, 73
97, 9, 73
98, 9, 73
6, 10, 73
72, 9, 56
71, 9, 56
60, 9, 56
7, 10, 73
8, 10, 73
9, 10, 73
10, 10, 73
11, 10, 73
39, 9, 56
28, 9, 56
27, 9, 56
12, 10, 73
13, 10, 73
14, 10, 73
15, 10, 73
16, 10, 73
17, 10, 73
18, 10, 73
19, 10, 73
20, 10, 73
6, 9, 56
5, 9, 56
4, 9, 56
3, 9, 56
2, 9, 56
97, 8, 56
96, 8, 56
95, 8, 56
94, 8, 56
93, 8, 56
92, 8, 56
91, 8, 56
90, 8, 56
89, 8, 56
88, 8, 56
87, 8, 56
86, 8, 56
85, 8, 56
84, 8, 56
83, 8, 56
82, 8, 56
81, 8, 56
80, 8, 56
79, 8, 56
78, 8, 56
77, 8, 56
76, 8, 56
75, 8, 56
74, 8, 56
73, 8, 56
72, 8, 56
71, 8, 56
60, 8, 56
21, 10, 73
22, 10, 73
23, 10, 73
24, 10, 73
25, 10, 73
26, 10, 73
39, 8, 56
28, 8, 56
27, 8, 56
26, 8, 56
25, 8, 56
24, 8, 56
23, 8, 56
22, 8, 56
21, 8, 56
20, 8, 56
19, 8, 56
18, 8, 56
17, 8, 56
16, 8, 56
15, 8, 56
14, 8, 56
13, 8, 56
12, 8, 56
11, 8, 56
10, 8, 56
9, 8, 56
8, 8, 56
7, 8, 56
6, 8, 56
5, 8, 56
4, 8, 56
3, 8, 56
2, 8, 56
60, 7, 56
27, 10, 73
28, 10, 73
29, 10, 73
39, 10, 73
60, 10, 73
70, 10, 73
39, 7, 56
60, 6, 56
71, 10, 73
72, 10, 73
73, 10, 73
74, 10, 73
75, 10, 73
76, 10, 73
77, 10, 73
78, 10, 73
39, 6, 56
59, 5, 56
79, 10, 73
80, 10, 73
81, 10, 73
82, 10, 73
83, 10, 73
84, 10, 73
85, 10, 73
86, 10, 73
87, 10, 73
88, 10, 73
89, 10, 73
40, 5, 56
58, 4, 56
90, 10, 73
91, 10, 73
92, 10, 73
93, 10, 73
39, 11, 73
60, 11, 73
39, 12, 73
60, 12, 73
40, 13, 73
59, 13, 73
40, 4, 56
58, 3, 56
57, 3, 56
40, 14, 73
59, 14, 73
41, 15, 73
57, 15, 73
58, 15, 73
42, 16, 73
42, 3, 56
41, 3, 56
56, 2, 56
55, 2, 56
43, 16, 73
56, 16, 73
44, 17, 73
44, 2, 56
43, 2, 56
54, 1, 56
53, 1, 56
52, 1, 56
51, 1, 56
45, 17, 73
54, 17, 73
48, 1, 56
47, 1, 56
46, 1, 56
45, 1, 56
50, 0, 56
49, 0, 56
60, 20, 55
59, 20, 55
40, 20, 55
39, 20, 55
60, 19, 55
55, 17, 73
58, 19, 55
41, 19, 55
46, 18, 73
39, 19, 55
60, 18, 55
47, 18, 73
48, 18, 73
57, 18, 55
49, 18, 55
42, 18, 55
49, 18, 73
50, 18, 73
39, 18, 55
59, 17, 55
51, 18, 73
56, 17, 55
54, 17, 55
53, 17, 55
52, 17, 55
51, 17, 55
50, 17, 55
52, 18, 73
48, 17, 55
47, 17, 55
46, 17, 55
45, 17, 55
43, 17, 55
53, 18, 73
40, 17, 55
59, 16, 55
45, 1, 74
46, 1, 74
55, 16, 55
47, 1, 74
48, 1, 74
44, 16, 55
49, 1, 74
50, 1, 74
40, 16, 55
58, 15, 55
41, 15, 55
58, 14, 55
41, 14, 55
59, 13, 55
51, 1, 74
52, 1, 74
53, 1, 74
43, 2, 74
44, 2, 74
54, 2, 74
40, 13, 55
59, 12, 55
55, 2, 74
56, 2, 74
42, 3, 74
57, 3, 74
40, 4, 74
41, 4, 74
40, 12, 55
60, 11, 55
58, 4, 74
59, 4, 74
40, 5, 74
59, 5, 74
39, 6, 74
60, 6, 74
39, 7, 74
60, 7, 74
0, 8, 74
39, 11, 55
87, 10, 55
86, 10, 55
85, 10, 55
84, 10, 55
83, 10, 55
82, 10, 55
81, 10, 55
80, 10, 55
79, 10, 55
78, 10, 55
77, 10, 55
76, 10, 55
75, 10, 55
60, 10, 55
1, 8, 74
2, 8, 74
3, 8, 74
4, 8, 74
5, 8, 74
6, 8, 74
7, 8, 74
39, 10, 55
23, 10, 55
22, 10, 55
21, 10, 55
20, 10, 55
19, 10, 55
18, 10, 55
17, 10, 55
16, 10, 55
15, 10, 55
14, 10, 55
13, 10, 55
12, 10, 55
98, 9, 55
97, 9, 55
96, 9, 55
95, 9, 55
94, 9, 55
93, 9, 55
92, 9, 55
91, 9, 55
90, 9, 55
89, 9, 55
88, 9, 55
8, 8, 74
9, 8, 74
10, 8, 74
11, 8, 74
12, 8, 74
13, 8, 74
14, 8, 74
15, 8, 74
16, 8, 74
74, 9, 55
73, 9, 55
60, 9, 55
17, 8, 74
18, 8, 74
19, 8, 74
20, 8, 74
21, 8, 74
22, 8, 74
23, 8, 74
24, 8, 74
25, 8, 74
26, 8, 74
39, 9, 55
26, 9, 55
25, 9, 55
24, 9, 55
27, 8, 74
28, 8, 74
29, 8, 74
39, 8, 74
60, 8, 74
70, 8, 74
71, 8, 74
72, 8, 74
11, 9, 55
10, 9, 55
9, 9, 55
8, 9, 55
7, 9, 55
6, 9, 55
5, 9, 55
4, 9, 55
3, 9, 55
2, 9, 55
1, 9, 55
97, 8, 55
96, 8, 55
95, 8, 55
94, 8, 55
93, 8, 55
92, 8, 55
91, 8, 55
90, 8, 55
89, 8, 55
88, 8, 55
87, 8, 55
86, 8, 55
85, 8, 55
84, 8, 55
83, 8, 55
82, 8, 55
81, 8, 55
80, 8, 55
79, 8, 55
78, 8, 55
77, 8, 55
76, 8, 55
75, 8, 55
74, 8, 55
73, 8, 55
59, 8, 55
73, 8, 74
74, 8, 74
75, 8, 74
76, 8, 74
77, 8, 74
78, 8, 74
79, 8, 74
80, 8, 74
81, 8, 74
82, 8, 74
83, 8, 74
39, 8, 55
26, 8, 55
25, 8, 55
24, 8, 55
23, 8, 55
22, 8, 55
21, 8, 55
20, 8, 55
19, 8, 55
18, 8, 55
17, 8, 55
16, 8, 55
15, 8, 55
14, 8, 55
13, 8, 55
12, 8, 55
11, 8, 55
10, 8, 55
9, 8, 55
8, 8, 55
7, 8, 55
6, 8, 55
5, 8, 55
4, 8, 55
3, 8, 55
2, 8, 55
59, 7, 55
84, 8, 74
85, 8, 74
86, 8, 74
87, 8, 74
88, 8, 74
89, 8, 74
40, 7, 55
59, 6, 55
90, 8, 74
91, 8, 74
92, 8, 74
93, 8, 74
94, 8, 74
95, 8, 74
96, 8, 74
97, 8, 74
98, 8, 74
99, 8, 74
40, 6, 55
59, 5, 55
0, 9, 74
1, 9, 74
2, 9, 74
3, 9, 74
4, 9, 74
5, 9, 74
28, 9, 74
29, 9, 74
40, 5, 55
58, 4, 55
39, 9, 74
60, 9, 74
70, 9, 74
71, 9, 74
94, 9, 74
95, 9, 74
96, 9, 74
97, 9, 74
41, 4, 55
57, 3, 55
98, 9, 74
99, 9, 74
6, 10, 74
7, 10, 74
8, 10, 74
42, 3, 55
56, 2, 55
55, 2, 55
54, 2, 55
9, 10, 74
10, 10, 74
45, 2, 55
44, 2, 55
43, 2, 55
53, 1, 55
52, 1, 55
51, 1, 55
50, 1, 55
49, 1, 55
48, 1, 55
47, 1, 55
46, 1, 55
60, 20, 54
59, 20, 54
40, 20, 54
39, 20, 54
60, 19, 54
11, 10, 74
58, 19, 54
41, 19, 54
12, 10, 74
39, 19, 54
60, 18, 54
13, 10, 74
14, 10, 74
57, 18, 54
42, 18, 54
15, 10, 74
16, 10, 74
39, 18, 54
59, 17, 54
17, 10, 74
56, 17, 54
53, 17, 54
52, 17, 54
51, 17, 54
50, 17, 54
49, 17, 54
48, 17, 54
47, 17, 54
46, 17, 54
43, 17, 54
18, 10, 74
40, 17, 54
59, 16, 54
19, 10, 74
20, 10, 74
55, 16, 54
54, 16, 54
21, 10, 74
22, 10, 74
45, 16, 54
44, 16, 54
23, 10, 74
24, 10, 74
40, 16, 54
58, 15, 54
41, 15, 54
58, 14, 54
41, 14, 54
58, 13, 54
25, 10, 74
26, 10, 74
41, 13, 54
59, 12, 54
27, 10, 74
39, 10, 74
60, 10, 74
72, 10, 74
73, 10, 74
74, 10, 74
75, 10, 74
76, 10, 74
40, 12, 54
59, 11, 54
77, 10, 74
78, 10, 74
79, 10, 74
80, 10, 74
81, 10, 74
82, 10, 74
83, 10, 74
84, 10, 74
40, 11, 54
86, 10, 54
85, 10, 54
84, 10, 54
83, 10, 54
82, 10, 54
60, 10, 54
85, 10, 74
86, 10, 74
87, 10, 74
88, 10, 74
89, 10, 74
90, 10, 74
91, 10, 74
92, 10, 74
93, 10, 74
39, 11, 74
60, 11, 74
39, 10, 54
17, 10, 54
16, 10, 54
15, 10, 54
14, 10, 54
13, 10, 54
98, 9, 54
97, 9, 54
96, 9, 54
95, 9, 54
94, 9, 54
93, 9, 54
92, 9, 54
91, 9, 54
90, 9, 54
89, 9, 54
88, 9, 54
87, 9, 54
39, 12, 74
60, 12, 74
40, 13, 74
59, 13, 74
41, 14, 74
81, 9, 54
80, 9, 54
79, 9, 54
78, 9, 54
77, 9, 54
76, 9, 54
75, 9, 54
59, 9, 54
58, 14, 74
42, 15, 74
57, 15, 74
43, 16, 74
56, 16, 74
44, 17, 74
45, 17, 74
54, 17, 74
55, 17, 74
46, 18, 74
40, 9, 54
24, 9, 54
23, 9, 54
22, 9, 54
21, 9, 54
20, 9, 54
19, 9, 54
18, 9, 54
47, 18, 74
48, 18, 74
49, 18, 74
50, 18, 74
51, 18, 74
12, 9, 54
11, 9, 54
10, 9, 54
9, 9, 54
8, 9, 54
7, 9, 54
6, 9, 54
5, 9, 54
4, 9, 54
3, 9, 54
2, 9, 54
1, 9, 54
97, 8, 54
96, 8, 54
95, 8, 54
94, 8, 54
93, 8, 54
92, 8, 54
91, 8, 54
90, 8, 54
89, 8, 54
88, 8, 54
87, 8, 54
86, 8, 54
85, 8, 54
84, 8, 54
83, 8, 54
82, 8, 54
81, 8, 54
80, 8, 54
79, 8, 54
78, 8, 54
77, 8, 54
76, 8, 54
75, 8, 54
59, 8, 54
52, 18, 74
53, 18, 74
46, 1, 75
47, 1, 75
48, 1, 75
49, 1, 75
50, 1, 75
51, 1, 75
52, 1, 75
53, 1, 75
40, 8, 54
23, 8, 54
22, 8, 54
21, 8, 54
20, 8, 54
19, 8, 54
18, 8, 54
17, 8, 54
16, 8, 54
15, 8, 54
14, 8, 54
13, 8, 54
12, 8, 54
11, 8, 54
10, 8, 54
9, 8, 54
8, 8, 54
7, 8, 54
6, 8, 54
5, 8, 54
4, 8, 54
3, 8, 54
2, 8, 54
59, 7, 54
44, 2, 75
45, 2, 75
54, 2, 75
55, 2, 75
42, 3, 75
43, 3, 75
56, 3, 75
57, 3, 75
39, 4, 75
40, 7, 54
59, 6, 54
40, 4, 75
41, 4, 75
58, 4, 75
59, 4, 75
60, 4, 75
40, 5, 75
59, 5, 75
39, 6, 75
60, 6, 75
39, 7, 75
60, 7, 75
0, 8, 75
40, 6, 54
58, 5, 54
1, 8, 75
2, 8, 75
3, 8, 75
4, 8, 75
5, 8, 75
6, 8, 75
7, 8, 75
40, 5, 54
58, 4, 54
8, 8, 75
9, 8, 75
10, 8, 75
11, 8, 75
12, 8, 75
13, 8, 75
14, 8, 75
15, 8, 75
41, 4, 54
57, 3, 54
56, 3, 54
16, 8, 75
17, 8, 75
18, 8, 75
19, 8, 75
43, 3, 54
42, 3, 54
55, 2, 54
54, 2, 54
20, 8, 75
21, 8, 75
45, 2, 54
44, 2, 54
53, 1, 54
52, 1, 54
51, 1, 54
50, 1, 54
49, 1, 54
48, 1, 54
47, 1, 54
46, 1, 54
60, 21, 53
39, 21, 53
38, 21, 53
60, 20, 53
59, 20, 53
40, 20, 53
22, 8, 75
38, 20, 53
60, 19, 53
23, 8, 75
58, 19, 53
41, 19, 53
24, 8, 75
39, 19, 53
60, 18, 53
25, 8, 75
26, 8, 75
57, 18, 53
42, 18, 53
27, 8, 75
39, 8, 75
39, 18, 53
59, 17, 53
60, 8, 75
71, 8, 75
56, 17, 53
52, 17, 53
51, 17, 53
50, 17, 53
49, 17, 53
48, 17, 53
47, 17, 53
43, 17, 53
72, 8, 75
73, 8, 75
40, 17, 53
58, 16, 53
74, 8, 75
55, 16, 53
54, 16, 53
53, 16, 53
75, 8, 75
76, 8, 75
77, 8, 75
46, 16, 53
45, 16, 53
44, 16, 53
78, 8, 75
79, 8, 75
80, 8, 75
40, 16, 53
58, 15, 53
81, 8, 75
82, 8, 75
83, 8, 75
84, 8, 75
85, 8, 75
41, 15, 53
58, 14, 53
86, 8, 75
87, 8, 75
41, 14, 53
58, 13, 53
88, 8, 75
89, 8, 75
90, 8, 75
41, 13, 53
59, 12, 53
91, 8, 75
92, 8, 75
93, 8, 75
94, 8, 75
95, 8, 75
96, 8, 75
97, 8, 75
98, 8, 75
40, 12, 53
59, 11, 53
0, 9, 75
1, 9, 75
2, 9, 75
3, 9, 75
4, 9, 75
5, 9, 75
27, 9, 75
40, 11, 53
59, 10, 53
28, 9, 75
39, 9, 75
60, 9, 75
71, 9, 75
72, 9, 75
94, 9, 75
95, 9, 75
96, 9, 75
97, 9, 75
40, 10, 53
97, 9, 53
96, 9, 53
95, 9, 53
94, 9, 53
93, 9, 53
92, 9, 53
91, 9, 53
90, 9, 53
89, 9, 53
88, 9, 53
87, 9, 53
86, 9, 53
85, 9, 53
84, 9, 53
83, 9, 53
82, 9, 53
81, 9, 53
80, 9, 53
79, 9, 53
59, 9, 53
98, 9, 75
99, 9, 75
6, 10, 75
7, 10, 75
8, 10, 75
9, 10, 75
40, 9, 53
20, 9, 53
19, 9, 53
18, 9, 53
17, 9, 53
16, 9, 53
15, 9, 53
14, 9, 53
13, 9, 53
12, 9, 53
11, 9, 53
10, 9, 53
9, 9, 53
8, 9, 53
7, 9, 53
6, 9, 53
5, 9, 53
4, 9, 53
3, 9, 53
2, 9, 53
97, 8, 53
96, 8, 53
95, 8, 53
94, 8, 53
93, 8, 53
92, 8, 53
91, 8, 53
90, 8, 53
89, 8, 53
88, 8, 53
87, 8, 53
86, 8, 53
85, 8, 53
84, 8, 53
83, 8, 53
82, 8, 53
81, 8, 53
80, 8, 53
59, 8, 53
10, 10, 75
11, 10, 75
12, 10, 75
13, 10, 75
14, 10, 75
15, 10, 75
40, 8, 53
19, 8, 53
18, 8, 53
17, 8, 53
16, 8, 53
15, 8, 53
14, 8, 53
13, 8, 53
12, 8, 53
11, 8, 53
10, 8, 53
9, 8, 53
8, 8, 53
7, 8, 53
6, 8, 53
5, 8, 53
4, 8, 53
3, 8, 53
2, 8, 53
59, 7, 53
16, 10, 75
17, 10, 75
18, 10, 75
19, 10, 75
20, 10, 75
21, 10, 75
22, 10, 75
23, 10, 75
40, 7, 53
59, 6, 53
24, 10, 75
25, 10, 75
26, 10, 75
39, 10, 75
60, 10, 75
73, 10, 75
74, 10, 75
75, 10, 75
76, 10, 75
40, 6, 53
58, 5, 53
77, 10, 75
78, 10, 75
79, 10, 75
80, 10, 75
81, 10, 75
82, 10, 75
40, 5, 53
58, 4, 53
83, 10, 75
84, 10, 75
85, 10, 75
86, 10, 75
87, 10, 75
88, 10, 75
89, 10, 75
90, 10, 75
41, 4, 53
57, 3, 53
56, 3, 53
91, 10, 75
92, 10, 75
43, 3, 53
42, 3, 53
55, 2, 53
54, 2, 53
93, 10, 75
39, 11, 75
60, 11, 75
40, 12, 75
45, 2, 53
44, 2, 53
53, 1, 53
52, 1, 53
51, 1, 53
50, 1, 53
49, 1, 53
48, 1, 53
47, 1, 53
46, 1, 53
61, 21, 52
60, 21, 52
59, 21, 52
39, 21, 52
38, 21, 52
61, 20, 52
59, 12, 75
59, 20, 52
40, 20, 52
40, 13, 75
38, 20, 52
60, 19, 52
59, 13, 75
58, 19, 52
41, 19, 52
41, 14, 75
39, 19, 52
60, 18, 52
58, 14, 75
42, 15, 75
57, 18, 52
42, 18, 52
57, 15, 75
43, 16, 75
39, 18, 52
59, 17, 52
58, 17, 52
57, 17, 52
51, 17, 52
50, 17, 52
49, 17, 52
48, 17, 52
42, 17, 52
41, 17, 52
40, 17, 52
58, 16, 52
55, 16, 75
56, 16, 52
55, 16, 52
54, 16, 52
53, 16, 52
52, 16, 52
56, 16, 75
44, 17, 75
45, 17, 75
46, 17, 75
47, 16, 52
46, 16, 52
45, 16, 52
44, 16, 52
43, 16, 52
53, 17, 75
41, 16, 52
58, 15, 52
54, 17, 75
47, 18, 75
48, 18, 75
49, 18, 75
50, 18, 75
51, 18, 75
52, 18, 75
46, 1, 76
41, 15, 52
57, 14, 52
47, 1, 76
41, 14, 52
58, 13, 52
48, 1, 76
49, 1, 76
41, 13, 52
58, 12, 52
50, 1, 76
51, 1, 76
52, 1, 76
53, 1, 76
44, 2, 76
45, 2, 76
41, 12, 52
59, 11, 52
54, 2, 76
55, 2, 76
39, 3, 76
40, 3, 76
42, 3, 76
43, 3, 76
56, 3, 76
40, 11, 52
59, 10, 52
57, 3, 76
59, 3, 76
60, 3, 76
39, 4, 76
41, 4, 76
58, 4, 76
40, 10, 52
97, 9, 52
96, 9, 52
95, 9, 52
94, 9, 52
93, 9, 52
59, 9, 52
60, 4, 76
40, 5, 76
59, 5, 76
40, 6, 76
59, 6, 76
39, 7, 76
60, 7, 76
1, 8, 76
40, 9, 52
6, 9, 52
5, 9, 52
4, 9, 52
3, 9, 52
2, 9, 52
96, 8, 52
95, 8, 52
94, 8, 52
59, 8, 52
2, 8, 76
3, 8, 76
4, 8, 76
5, 8, 76
6, 8, 76
40, 8, 52
5, 8, 52
4, 8, 52
3, 8, 52
59, 7, 52
7, 8, 76
8, 8, 76
9, 8, 76
10, 8, 76
11, 8, 76
12, 8, 76
13, 8, 76
14, 8, 76
15, 8, 76
16, 8, 76
40, 7, 52
59, 6, 52
17, 8, 76
18, 8, 76
19, 8, 76
20, 8, 76
21, 8, 76
22, 8, 76
23, 8, 76
24, 8, 76
40, 6, 52
58, 5, 52
25, 8, 76
26, 8, 76
39, 8, 76
60, 8, 76
73, 8, 76
74, 8, 76
75, 8, 76
76, 8, 76
41, 5, 52
58, 4, 52
77, 8, 76
78, 8, 76
79, 8, 76
80, 8, 76
81, 8, 76
82, 8, 76
83, 8, 76
84, 8, 76
85, 8, 76
86, 8, 76
41, 4, 52
57, 3, 52
56, 3, 52
87, 8, 76
88, 8, 76
43, 3, 52
42, 3, 52
55, 2, 52
54, 2, 52
89, 8, 76
90, 8, 76
91, 8, 76
92, 8, 76
45, 2, 52
44, 2, 52
53, 1, 52
52, 1, 52
51, 1, 52
50, 1, 52
49, 1, 52
48, 1, 52
47, 1, 52
46, 1, 52
61, 21, 51
60, 21, 51
39, 21, 51
38, 21, 51
61, 20, 51
93, 8, 76
59, 20, 51
40, 20, 51
94, 8, 76
38, 20, 51
60, 19, 51
59, 19, 51
40, 19, 51
39, 19, 51
59, 18, 51
58, 18, 51
41, 18, 51
40, 18, 51
57, 16, 51
56, 16, 51
54, 16, 51
53, 16, 51
52, 16, 51
51, 16, 51
50, 16, 51
49, 16, 51
48, 16, 51
47, 16, 51
46, 16, 51
45, 16, 51
43, 16, 51
42, 16, 51
57, 15, 51
56, 15, 51
55, 15, 51
95, 8, 76
96, 8, 76
97, 8, 76
98, 8, 76
44, 15, 51
43, 15, 51
42, 15, 51
57, 14, 51
0, 9, 76
1, 9, 76
2, 9, 76
42, 14, 51
57, 13, 51
3, 9, 76
4, 9, 76
5, 9, 76
41, 13, 51
58, 12, 51
6, 9, 76
7, 9, 76
8, 9, 76
25, 9, 76
26, 9, 76
39, 9, 76
60, 9, 76
73, 9, 76
41, 12, 51
58, 11, 51
74, 9, 76
91, 9, 76
92, 9, 76
93, 9, 76
94, 9, 76
95, 9, 76
96, 9, 76
40, 11, 51
59, 10, 51
97, 9, 76
98, 9, 76
99, 9, 76
9, 10, 76
10, 10, 76
11, 10, 76
12, 10, 76
13, 10, 76
14, 10, 76
15, 10, 76
40, 10, 51
59, 9, 51
16, 10, 76
17, 10, 76
18, 10, 76
19, 10, 76
20, 10, 76
21, 10, 76
22, 10, 76
40, 9, 51
59, 8, 51
23, 10, 76
24, 10, 76
39, 10, 76
60, 10, 76
75, 10, 76
76, 10, 76
77, 10, 76
78, 10, 76
79, 10, 76
40, 8, 51
59, 7, 51
80, 10, 76
81, 10, 76
82, 10, 76
83, 10, 76
84, 10, 76
85, 10, 76
86, 10, 76
87, 10, 76
40, 7, 51
58, 6, 51
88, 10, 76
89, 10, 76
90, 10, 76
40, 11, 76
59, 11, 76
40, 12, 76
59, 12, 76
40, 13, 76
58, 13, 76
41, 6, 51
58, 5, 51
41, 14, 76
58, 14, 76
42, 15, 76
56, 15, 76
57, 15, 76
43, 16, 76
41, 5, 51
57, 4, 51
44, 16, 76
55, 16, 76
45, 17, 76
46, 17, 76
47, 17, 76
52, 17, 76
53, 17, 76
42, 4, 51
56, 3, 51
55, 3, 51
54, 17, 76
48, 18, 76
44, 3, 51
43, 3, 51
54, 2, 51
53, 2, 51
52, 2, 51
49, 18, 76
50, 18, 76
51, 18, 76
47, 1, 77
47, 2, 51
46, 2, 51
45, 2, 51
51, 1, 51
50, 1, 51
49, 1, 51
48, 1, 51
60, 21, 50
39, 21, 50
60, 20, 50
39, 20, 50
53, 16, 50
52, 16, 50
51, 16, 50
50, 16, 50
49, 16, 50
48, 16, 50
47, 16, 50
46, 16, 50
55, 15, 50
54, 15, 50
48, 1, 77
49, 1, 77
50, 1, 77
51, 1, 77
45, 15, 50
44, 15, 50
56, 14, 50
52, 1, 77
44, 2, 77
43, 14, 50
57, 13, 50
45, 2, 77
46, 2, 77
42, 13, 50
58, 12, 50
53, 2, 77
54, 2, 77
55, 2, 77
39, 3, 77
40, 3, 77
42, 3, 77
41, 12, 50
58, 11, 50
43, 3, 77
56, 3, 77
59, 3, 77
60, 3, 77
39, 4, 77
41, 4, 77
57, 4, 77
41, 11, 50
58, 10, 50
58, 4, 77
60, 4, 77
40, 5, 77
59, 5, 77
40, 6, 77
59, 6, 77
40, 7, 77
59, 7, 77
41, 10, 50
59, 9, 50
1, 8, 77
2, 8, 77
3, 8, 77
4, 8, 77
5, 8, 77
6, 8, 77
7, 8, 77
40, 9, 50
58, 8, 50
8, 8, 77
9, 8, 77
10, 8, 77
11, 8, 77
12, 8, 77
13, 8, 77
14, 8, 77
41, 8, 50
58, 7, 50
15, 8, 77
16, 8, 77
17, 8, 77
18, 8, 77
19, 8, 77
20, 8, 77
41, 7, 50
58, 6, 50
21, 8, 77
22, 8, 77
23, 8, 77
39, 8, 77
60, 8, 77
76, 8, 77
77, 8, 77
78, 8, 77
79, 8, 77
80, 8, 77
41, 6, 50
57, 5, 50
81, 8, 77
82, 8, 77
83, 8, 77
84, 8, 77
85, 8, 77
86, 8, 77
87, 8, 77
88, 8, 77
42, 5, 50
56, 4, 50
89, 8, 77
90, 8, 77
91, 8, 77
92, 8, 77
93, 8, 77
43, 4, 50
42, 4, 50
55, 3, 50
94, 8, 77
95, 8, 77
96, 8, 77
97, 8, 77
98, 8, 77
1, 9, 77
44, 3, 50
54, 2, 50
53, 2, 50
52, 2, 50
51, 2, 50
50, 2, 50
49, 2, 50
48, 2, 50
47, 2, 50
46, 2, 50
45, 2, 50
52, 16, 49
51, 16, 49
50, 16, 49
49, 16, 49
48, 16, 49
47, 16, 49
54, 15, 49
53, 15, 49
2, 9, 77
3, 9, 77
4, 9, 77
5, 9, 77
6, 9, 77
7, 9, 77
46, 15, 49
45, 15, 49
56, 14, 49
55, 14, 49
8, 9, 77
9, 9, 77
44, 14, 49
43, 14, 49
57, 13, 49
10, 9, 77
11, 9, 77
12, 9, 77
17, 9, 77
42, 13, 49
57, 12, 49
18, 9, 77
19, 9, 77
20, 9, 77
21, 9, 77
42, 12, 49
58, 11, 49
22, 9, 77
23, 9, 77
24, 9, 77
39, 9, 77
59, 9, 77
75, 9, 77
76, 9, 77
77, 9, 77
41, 11, 49
58, 10, 49
78, 9, 77
79, 9, 77
80, 9, 77
81, 9, 77
82, 9, 77
87, 9, 77
88, 9, 77
89, 9, 77
90, 9, 77
91, 9, 77
41, 10, 49
58, 9, 49
92, 9, 77
93, 9, 77
94, 9, 77
95, 9, 77
96, 9, 77
97, 9, 77
98, 9, 77
13, 10, 77
41, 9, 49
58, 8, 49
14, 10, 77
15, 10, 77
16, 10, 77
39, 10, 77
59, 10, 77
83, 10, 77
84, 10, 77
85, 10, 77
86, 10, 77
40, 11, 77
41, 8, 49
57, 7, 49
59, 11, 77
40, 12, 77
59, 12, 77
41, 13, 77
58, 13, 77
42, 14, 77
57, 14, 77
43, 15, 77
42, 7, 49
57, 6, 49
56, 15, 77
44, 16, 77
45, 16, 77
54, 16, 77
55, 16, 77
46, 17, 77
47, 17, 77
48, 17, 77
42, 6, 49
56, 5, 49
49, 17, 77
50, 17, 77
51, 17, 77
52, 17, 77
53, 17, 77
47, 1, 78
48, 1, 78
49, 1, 78
43, 5, 49
55, 4, 49
50, 1, 78
51, 1, 78
52, 1, 78
44, 2, 78
45, 2, 78
44, 4, 49
43, 4, 49
54, 3, 49
53, 3, 49
52, 3, 49
46, 2, 78
53, 2, 78
54, 2, 78
43, 3, 78
55, 3, 78
46, 3, 49
45, 3, 49
51, 2, 49
50, 2, 49
49, 2, 49
48, 2, 49
47, 2, 49
53, 15, 48
52, 15, 48
51, 15, 48
50, 15, 48
49, 15, 48
48, 15, 48
47, 15, 48
46, 15, 48
55, 14, 48
54, 14, 48
56, 3, 78
40, 4, 78
45, 14, 48
44, 14, 48
56, 13, 48
41, 4, 78
42, 4, 78
43, 13, 48
57, 12, 48
57, 4, 78
58, 4, 78
42, 12, 48
57, 11, 48
59, 4, 78
41, 5, 78
58, 5, 78
40, 6, 78
59, 6, 78
40, 7, 78
59, 7, 78
42, 11, 48
58, 10, 48
8, 8, 78
9, 8, 78
10, 8, 78
11, 8, 78
12, 8, 78
13, 8, 78
14, 8, 78
15, 8, 78
41, 10, 48
57, 9, 48
16, 8, 78
17, 8, 78
18, 8, 78
19, 8, 78
40, 8, 78
59, 8, 78
79, 8, 78
80, 8, 78
81, 8, 78
82, 8, 78
42, 9, 48
57, 8, 48
83, 8, 78
84, 8, 78
85, 8, 78
86, 8, 78
87, 8, 78
88, 8, 78
89, 8, 78
90, 8, 78
42, 8, 48
57, 7, 48
91, 8, 78
1, 9, 78
2, 9, 78
3, 9, 78
4, 9, 78
5, 9, 78
7, 9, 78
8, 9, 78
9, 9, 78
10, 9, 78
11, 9, 78
12, 9, 78
42, 7, 48
57, 6, 48
13, 9, 78
14, 9, 78
15, 9, 78
16, 9, 78
17, 9, 78
18, 9, 78
19, 9, 78
20, 9, 78
40, 9, 78
42, 6, 48
56, 5, 48
59, 9, 78
79, 9, 78
80, 9, 78
81, 9, 78
82, 9, 78
83, 9, 78
84, 9, 78
43, 5, 48
55, 4, 48
54, 4, 48
85, 9, 78
86, 9, 78
87, 9, 78
45, 4, 48
44, 4, 48
53, 3, 48
52, 3, 48
51, 3, 48
50, 3, 48
49, 3, 48
48, 3, 48
47, 3, 48
46, 3, 48
52, 15, 47
51, 15, 47
50, 15, 47
49, 15, 47
48, 15, 47
47, 15, 47
54, 14, 47
53, 14, 47
88, 9, 78
89, 9, 78
46, 14, 47
45, 14, 47
44, 14, 47
56, 13, 47
55, 13, 47
90, 9, 78
91, 9, 78
92, 9, 78
43, 13, 47
56, 12, 47
94, 9, 78
95, 9, 78
43, 12, 47
57, 11, 47
96, 9, 78
97, 9, 78
98, 9, 78
40, 10, 78
59, 10, 78
40, 11, 78
42, 11, 47
57, 10, 47
59, 11, 78
41, 12, 78
58, 12, 78
41, 13, 78
42, 10, 47
57, 9, 47
58, 13, 78
42, 14, 78
57, 14, 78
43, 15, 78
56, 15, 78
44, 16, 78
42, 9, 47
57, 8, 47
45, 16, 78
54, 16, 78
55, 16, 78
46, 17, 78
47, 17, 78
48, 17, 78
49, 17, 78
50, 17, 78
51, 17, 78
52, 17, 78
53, 17, 78
49, 1, 79
42, 8, 47
57, 7, 47
50, 1, 79
45, 2, 79
46, 2, 79
47, 2, 79
48, 2, 79
51, 2, 79
52, 2, 79
53, 2, 79
42, 7, 47
56, 6, 47
54, 2, 79
43, 3, 79
44, 3, 79
55, 3, 79
56, 3, 79
41, 4, 79
42, 4, 79
57, 4, 79
43, 6, 47
56, 5, 47
58, 4, 79
41, 5, 79
58, 5, 79
41, 6, 79
58, 6, 79
40, 7, 79
59, 7, 79
40, 8, 79
43, 5, 47
55, 4, 47
54, 4, 47
59, 8, 79
40, 9, 79
59, 9, 79
40, 10, 79
45, 4, 47
44, 4, 47
53, 3, 47
52, 3, 47
51, 3, 47
50, 3, 47
49, 3, 47
48, 3, 47
47, 3, 47
46, 3, 47
51, 15, 46
50, 15, 46
49, 15, 46
48, 15, 46
47, 15, 46
54, 14, 46
53, 14, 46
52, 14, 46
59, 10, 79
41, 11, 79
58, 11, 79
41, 12, 79
58, 12, 79
46, 14, 46
45, 14, 46
55, 13, 46
42, 13, 79
57, 13, 79
43, 14, 79
56, 14, 79
44, 13, 46
56, 12, 46
44, 15, 79
55, 15, 79
43, 12, 46
56, 11, 46
45, 16, 79
46, 16, 79
43, 11, 46
57, 10, 46
53, 16, 79
54, 16, 79
47, 17, 79
48, 17, 79
49, 17, 79
50, 17, 79
51, 17, 79
52, 17, 79
42, 10, 46
57, 9, 46
46, 2, 80
47, 2, 80
48, 2, 80
49, 2, 80
50, 2, 80
51, 2, 80
52, 2, 80
53, 2, 80
42, 9, 46
57, 8, 46
44, 3, 80
45, 3, 80
54, 3, 80
55, 3, 80
43, 4, 80
56, 4, 80
42, 5, 80
57, 5, 80
42, 8, 46
57, 7, 46
41, 6, 80
58, 6, 80
41, 7, 80
58, 7, 80
40, 8, 80
58, 8, 80
40, 9, 80
58, 9, 80
42, 7, 46
56, 6, 46
41, 10, 80
58, 10, 80
41, 11, 80
58, 11, 80
42, 12, 80
57, 12, 80
43, 6, 46
55, 5, 46
42, 13, 80
57, 13, 80
43, 14, 80
44, 5, 46
43, 5, 46
54, 4, 46
53, 4, 46
56, 14, 80
44, 15, 80
45, 15, 80
45, 4, 46
52, 3, 46
51, 3, 46
50, 3, 46
49, 3, 46
48, 3, 46
47, 3, 46
46, 3, 46
50, 15, 45
49, 15, 45
53, 14, 45
52, 14, 45
51, 14, 45
54, 15, 80
55, 15, 80
48, 14, 45
47, 14, 45
46, 14, 45
55, 13, 45
54, 13, 45
46, 16, 80
47, 16, 80
45, 13, 45
44, 13, 45
55, 12, 45
48, 16, 80
49, 16, 80
50, 16, 80
43, 12, 45
56, 11, 45
51, 16, 80
52, 16, 80
43, 11, 45
56, 10, 45
53, 16, 80
46, 2, 81
47, 2, 81
48, 2, 81
43, 10, 45
56, 9, 45
49, 2, 81
50, 2, 81
51, 2, 81
52, 2, 81
53, 2, 81
44, 3, 81
45, 3, 81
42, 9, 45
56, 8, 45
54, 3, 81
55, 3, 81
43, 4, 81
56, 4, 81
42, 5, 81
57, 5, 81
43, 8, 45
56, 7, 45
42, 6, 81
57, 6, 81
41, 7, 81
58, 7, 81
41, 8, 81
58, 8, 81
41, 9, 81
58, 9, 81
43, 7, 45
56, 6, 45
41, 10, 81
58, 10, 81
42, 11, 81
57, 11, 81
42, 12, 81
57, 12, 81
43, 6, 45
55, 5, 45
43, 13, 81
56, 13, 81
44, 14, 81
44, 5, 45
54, 4, 45
53, 4, 45
55, 14, 81
45, 15, 81
46, 15, 81
53, 15, 81
46, 4, 45
45, 4, 45
52, 3, 45
51, 3, 45
50, 3, 45
49, 3, 45
48, 3, 45
47, 3, 45
52, 14, 44
51, 14, 44
50, 14, 44
49, 14, 44
48, 14, 44
47, 14, 44
54, 13, 44
53, 13, 44
54, 15, 81
47, 16, 81
46, 13, 44
45, 13, 44
55, 12, 44
48, 16, 81
49, 16, 81
44, 12, 44
56, 11, 44
50, 16, 81
51, 16, 81
43, 11, 44
56, 10, 44
52, 16, 81
47, 2, 82
48, 2, 82
49, 2, 82
50, 2, 82
51, 2, 82
43, 10, 44
56, 9, 44
52, 2, 82
45, 3, 82
46, 3, 82
53, 3, 82
43, 9, 44
56, 8, 44
54, 3, 82
44, 4, 82
55, 4, 82
43, 5, 82
56, 5, 82
42, 6, 82
43, 8, 44
56, 7, 44
57, 6, 82
42, 7, 82
57, 7, 82
42, 8, 82
57, 8, 82
42, 9, 82
43, 7, 44
55, 6, 44
57, 9, 82
42, 10, 82
57, 10, 82
42, 11, 82
57, 11, 82
44, 6, 44
54, 5, 44
43, 12, 82
56, 12, 82
45, 5, 44
53, 4, 44
52, 4, 44
43, 13, 82
44, 13, 82
55, 13, 82
45, 14, 82
47, 4, 44
46, 4, 44
51, 3, 44
50, 3, 44
49, 3, 44
48, 3, 44
52, 14, 43
51, 14, 43
50, 14, 43
49, 14, 43
48, 14, 43
47, 14, 43
53, 13, 43
54, 14, 82
46, 15, 82
47, 15, 82
48, 15, 82
46, 13, 43
45, 13, 43
54, 12, 43
50, 15, 82
51, 15, 82
52, 15, 82
44, 12, 43
55, 11, 43
53, 15, 82
49, 16, 82
44, 11, 43
55, 10, 43
49, 2, 83
46, 3, 83
43, 10, 43
56, 9, 43
47, 3, 83
48, 3, 83
50, 3, 83
51, 3, 83
52, 3, 83
53, 3, 83
43, 9, 43
56, 8, 43
44, 4, 83
45, 4, 83
54, 4, 83
55, 4, 83
43, 5, 83
43, 8, 43
55, 7, 43
56, 5, 83
43, 6, 83
56, 6, 83
42, 7, 83
44, 7, 43
55, 6, 43
56, 7, 83
42, 8, 83
57, 8, 83
44, 6, 43
54, 5, 43
42, 9, 83
57, 9, 83
42, 10, 83
56, 10, 83
45, 5, 43
53, 4, 43
52, 4, 43
51, 4, 43
50, 4, 43
49, 4, 43
48, 4, 43
47, 4, 43
46, 4, 43
51, 14, 42
50, 14, 42
49, 14, 42
48, 14, 42
53, 13, 42
52, 13, 42
43, 11, 83
56, 11, 83
43, 12, 83
56, 12, 83
47, 13, 42
46, 13, 42
54, 12, 42
44, 13, 83
54, 13, 83
45, 12, 42
55, 11, 42
55, 13, 83
45, 14, 83
44, 11, 42
55, 10, 42
46, 14, 83
44, 10, 42
55, 9, 42
53, 14, 83
47, 15, 83
48, 15, 83
44, 9, 42
55, 8, 42
49, 15, 83
50, 15, 83
51, 15, 83
52, 15, 83
44, 8, 42
55, 7, 42
47, 3, 84
48, 3, 84
49, 3, 84
50, 3, 84
44, 7, 42
55, 6, 42
54, 6, 42
51, 3, 84
52, 3, 84
45, 6, 42
44, 6, 42
53, 5, 42
45, 4, 84
46, 4, 84
53, 4, 84
54, 4, 84
46, 5, 42
52, 4, 42
51, 4, 42
50, 4, 42
49, 4, 42
48, 4, 42
47, 4, 42
49, 14, 41
52, 13, 41
51, 13, 41
50, 13, 41
44, 5, 84
48, 13, 41
47, 13, 41
46, 13, 41
54, 12, 41
53, 12, 41
55, 5, 84
43, 6, 84
56, 6, 84
45, 12, 41
54, 11, 41
43, 7, 84
56, 7, 84
45, 11, 41
55, 10, 41
43, 8, 84
56, 8, 84
44, 10, 41
55, 9, 41
44, 9, 41
55, 8, 41
43, 9, 84
56, 9, 84
44, 8, 41
54, 7, 41
43, 10, 84
44, 7, 41
54, 6, 41
56, 10, 84
44, 11, 84
45, 6, 41
53, 5, 41
52, 5, 41
55, 11, 84
44, 12, 84
55, 12, 84
45, 13, 84
47, 5, 41
46, 5, 41
51, 4, 41
50, 4, 41
49, 4, 41
48, 4, 41
52, 13, 40
51, 13, 40
50, 13, 40
49, 13, 40
48, 13, 40
47, 13, 40
53, 12, 40
46, 13, 84
53, 13, 84
46, 12, 40
54, 11, 40
54, 13, 84
47, 14, 84
45, 11, 40
55, 10, 40
48, 14, 84
49, 14, 84
44, 10, 40
56, 9, 40
50, 14, 84
51, 14, 84
52, 14, 84
48, 3, 85
43, 9, 40
55, 8, 40
49, 3, 85
50, 3, 85
44, 8, 40
54, 7, 40
51, 3, 85
46, 4, 85
45, 7, 40
54, 6, 40
53, 6, 40
47, 4, 85
52, 4, 85
46, 6, 40
45, 6, 40
52, 5, 40
51, 5, 40
53, 4, 85
45, 5, 85
48, 5, 40
47, 5, 40
50, 4, 40
49, 4, 40
51, 13, 39
50, 13, 39
49, 13, 39
48, 13, 39
53, 12, 39
52, 12, 39
54, 5, 85
44, 6, 85
47, 12, 39
46, 12, 39
54, 11, 39
55, 6, 85
44, 7, 85
45, 11, 39
55, 10, 39
55, 7, 85
44, 8, 85
55, 8, 85
44, 10, 39
58, 9, 39
57, 9, 39
56, 9, 39
44, 9, 85
55, 9, 85
43, 9, 39
42, 9, 39
41, 9, 39
40, 9, 39
55, 8, 39
44, 10, 85
55, 10, 85
44, 8, 39
54, 7, 39
45, 11, 85
54, 11, 85
45, 7, 39
53, 6, 39
45, 12, 85
46, 12, 85
46, 6, 39
52, 5, 39
51, 5, 39
50, 5, 39
49, 5, 39
48, 5, 39
47, 5, 39
51, 13, 38
50, 13, 38
49, 13, 38
48, 13, 38
52, 12, 38
53, 12, 85
54, 12, 85
46, 13, 85
47, 13, 85
47, 12, 38
53, 11, 38
48, 13, 85
51, 13, 85
46, 11, 38
55, 10, 38
54, 10, 38
52, 13, 85
49, 14, 85
45, 10, 38
44, 10, 38
62, 9, 38
61, 9, 38
60, 9, 38
59, 9, 38
58, 9, 38
57, 9, 38
56, 9, 38
50, 14, 85
47, 4, 86
43, 9, 38
42, 9, 38
41, 9, 38
40, 9, 38
39, 9, 38
38, 9, 38
37, 9, 38
55, 8, 38
54, 8, 38
48, 4, 86
49, 4, 86
50, 4, 86
44, 8, 38
53, 7, 38
51, 4, 86
52, 4, 86
46, 5, 86
45, 7, 38
53, 6, 38
52, 6, 38
53, 5, 86
45, 6, 86
47, 6, 38
46, 6, 38
51, 5, 38
50, 5, 38
49, 5, 38
48, 5, 38
49, 13, 37
52, 12, 37
51, 12, 37
50, 12, 37
54, 6, 86
48, 12, 37
47, 12, 37
53, 11, 37
45, 7, 86
54, 7, 86
46, 11, 37
55, 10, 37
54, 10, 37
45, 8, 86
54, 8, 86
45, 10, 37
44, 10, 37
64, 9, 37
63, 9, 37
62, 9, 37
61, 9, 37
60, 9, 37
59, 9, 37
58, 9, 37
57, 9, 37
56, 9, 37
55, 9, 37
45, 9, 86
54, 9, 86
45, 10, 86
43, 9, 37
42, 9, 37
41, 9, 37
40, 9, 37
39, 9, 37
38, 9, 37
37, 9, 37
36, 9, 37
35, 9, 37
54, 8, 37
54, 10, 86
46, 11, 86
45, 8, 37
44, 8, 37
53, 7, 37
53, 11, 86
47, 12, 86
46, 7, 37
52, 6, 37
48, 12, 86
51, 12, 86
52, 12, 86
48, 13, 86
47, 6, 37
51, 5, 37
50, 5, 37
49, 5, 37
48, 5, 37
52, 12, 36
51, 12, 36
50, 12, 36
49, 12, 36
48, 12, 36
47, 12, 36
53, 11, 36
49, 13, 86
50, 13, 86
51, 13, 86
46, 11, 36
54, 10, 36
48, 4, 87
49, 4, 87
50, 4, 87
51, 4, 87
45, 10, 36
65, 9, 36
64, 9, 36
63, 9, 36
62, 9, 36
61, 9, 36
60, 9, 36
59, 9, 36
58, 9, 36
57, 9, 36
56, 9, 36
55, 9, 36
46, 5, 87
47, 5, 87
52, 5, 87
46, 6, 87
44, 9, 36
43, 9, 36
42, 9, 36
41, 9, 36
40, 9, 36
39, 9, 36
38, 9, 36
37, 9, 36
36, 9, 36
35, 9, 36
34, 9, 36
54, 8, 36
53, 6, 87
45, 7, 87
46, 7, 87
45, 8, 36
53, 7, 36
53, 7, 87
46, 8, 87
46, 7, 36
52, 6, 36
51, 6, 36
50, 6, 36
53, 8, 87
48, 6, 36
47, 6, 36
49, 5, 36
51, 12, 35
50, 12, 35
49, 12, 35
48, 12, 35
52, 11, 35
46, 9, 87
53, 9, 87
47, 11, 35
53, 10, 35
46, 10, 87
47, 10, 87
46, 10, 35
66, 9, 35
65, 9, 35
64, 9, 35
63, 9, 35
62, 9, 35
61, 9, 35
60, 9, 35
59, 9, 35
58, 9, 35
57, 9, 35
56, 9, 35
55, 9, 35
54, 9, 35
53, 9, 35
52, 10, 87
53, 10, 87
47, 11, 87
45, 9, 35
44, 9, 35
43, 9, 35
42, 9, 35
41, 9, 35
40, 9, 35
39, 9, 35
38, 9, 35
37, 9, 35
36, 9, 35
35, 9, 35
34, 9, 35
33, 9, 35
53, 8, 35
48, 11, 87
49, 11, 87
46, 8, 35
52, 7, 35
50, 11, 87
51, 11, 87
47, 7, 35
51, 6, 35
50, 6, 35
49, 6, 35
48, 6, 35
50, 12, 34
49, 12, 34
48, 12, 34
52, 11, 34
51, 11, 34
52, 11, 87
49, 12, 87
50, 12, 87
47, 11, 34
52, 10, 34
47, 10, 34
66, 9, 34
65, 9, 34
64, 9, 34
63, 9, 34
62, 9, 34
61, 9, 34
60, 9, 34
59, 9, 34
58, 9, 34
57, 9, 34
56, 9, 34
55, 9, 34
54, 9, 34
52, 9, 34
48, 5, 88
46, 9, 34
45, 9, 34
44, 9, 34
43, 9, 34
42, 9, 34
41, 9, 34
40, 9, 34
39, 9, 34
38, 9, 34
37, 9, 34
36, 9, 34
35, 9, 34
34, 9, 34
33, 9, 34
32, 9, 34
52, 8, 34
47, 8, 34
52, 7, 34
49, 5, 88
50, 5, 88
47, 7, 34
51, 6, 34
50, 6, 34
49, 6, 34
48, 6, 34
50, 12, 33
49, 12, 33
51, 11, 33
51, 5, 88
47, 6, 88
48, 11, 33
52, 10, 33
51, 6, 88
52, 6, 88
47, 10, 33
67, 9, 33
66, 9, 33
65, 9, 33
64, 9, 33
63, 9, 33
62, 9, 33
61, 9, 33
60, 9, 33
59, 9, 33
58, 9, 33
57, 9, 33
56, 9, 33
55, 9, 33
54, 9, 33
52, 9, 33
47, 9, 33
45, 9, 33
44, 9, 33
43, 9, 33
42, 9, 33
41, 9, 33
40, 9, 33
39, 9, 33
38, 9, 33
37, 9, 33
36, 9, 33
35, 9, 33
34, 9, 33
33, 9, 33
32, 9, 33
52, 8, 33
47, 8, 33
52, 7, 33
51, 7, 33
47, 7, 88
52, 7, 88
48, 7, 33
47, 7, 33
50, 6, 33
49, 6, 33
51, 11, 32
50, 11, 32
49, 11, 32
48, 11, 32
52, 10, 32
47, 8, 88
52, 8, 88
47, 10, 32
67, 9, 32
66, 9, 32
65, 9, 32
64, 9, 32
63, 9, 32
62, 9, 32
61, 9, 32
60, 9, 32
59, 9, 32
58, 9, 32
57, 9, 32
56, 9, 32
55, 9, 32
54, 9, 32
52, 9, 32
47, 9, 32
45, 9, 32
44, 9, 32
43, 9, 32
42, 9, 32
41, 9, 32
40, 9, 32
39, 9, 32
38, 9, 32
37, 9, 32
36, 9, 32
35, 9, 32
34, 9, 32
33, 9, 32
32, 9, 32
52, 8, 32
47, 9, 88
48, 9, 88
47, 8, 32
51, 7, 32
50, 7, 32
49, 7, 32
48, 7, 32
47, 7, 32
51, 11, 31
50, 11, 31
49, 11, 31
48, 11, 31
52, 10, 31
51, 9, 88
52, 9, 88
47, 10, 31
68, 9, 31
67, 9, 31
66, 9, 31
65, 9, 31
64, 9, 31
63, 9, 31
62, 9, 31
61, 9, 31
60, 9, 31
59, 9, 31
58, 9, 31
57, 9, 31
56, 9, 31
55, 9, 31
54, 9, 31
52, 9, 31
48, 10, 88
49, 10, 88
47, 9, 31
45, 9, 31
44, 9, 31
43, 9, 31
42, 9, 31
41, 9, 31
40, 9, 31
39, 9, 31
38, 9, 31
37, 9, 31
36, 9, 31
35, 9, 31
34, 9, 31
33, 9, 31
32, 9, 31
31, 9, 31
52, 8, 31
50, 10, 88
51, 10, 88
47, 8, 31
51, 7, 31
50, 7, 31
49, 7, 31
48, 7, 31
51, 11, 30
50, 11, 30
49, 11, 30
48, 11, 30
51, 10, 30
48, 6, 89
49, 6, 89
48, 10, 30
68, 9, 30
67, 9, 30
66, 9, 30
65, 9, 30
64, 9, 30
63, 9, 30
62, 9, 30
61, 9, 30
60, 9, 30
59, 9, 30
58, 9, 30
57, 9, 30
56, 9, 30
55, 9, 30
54, 9, 30
51, 9, 30
50, 6, 89
47, 9, 30
45, 9, 30
44, 9, 30
43, 9, 30
42, 9, 30
41, 9, 30
40, 9, 30
39, 9, 30
38, 9, 30
37, 9, 30
36, 9, 30
35, 9, 30
34, 9, 30
33, 9, 30
32, 9, 30
31, 9, 30
51, 8, 30
48, 8, 30
51, 7, 30
50, 7, 30
49, 7, 30
48, 7, 30
50, 11, 29
49, 11, 29
51, 10, 29
48, 7, 89
49, 7, 89
48, 10, 29
68, 9, 29
67, 9, 29
66, 9, 29
65, 9, 29
64, 9, 29
63, 9, 29
62, 9, 29
60, 9, 29
59, 9, 29
58, 9, 29
57, 9, 29
56, 9, 29
55, 9, 29
54, 9, 29
51, 9, 29
48, 9, 29
45, 9, 29
44, 9, 29
43, 9, 29
42, 9, 29
41, 9, 29
40, 9, 29
39, 9, 29
37, 9, 29
36, 9, 29
35, 9, 29
34, 9, 29
33, 9, 29
32, 9, 29
31, 9, 29
51, 8, 29
50, 7, 89
51, 7, 89
48, 8, 29
50, 7, 29
49, 7, 29
51, 10, 28
50, 10, 28
49, 10, 28
48, 10, 28
68, 9, 28
67, 9, 28
66, 9, 28
65, 9, 28
64, 9, 28
63, 9, 28
62, 9, 28
60, 9, 28
59, 9, 28
58, 9, 28
57, 9, 28
56, 9, 28
55, 9, 28
54, 9, 28
51, 9, 28
48, 9, 28
45, 9, 28
44, 9, 28
43, 9, 28
42, 9, 28
41, 9, 28
40, 9, 28
39, 9, 28
37, 9, 28
36, 9, 28
35, 9, 28
34, 9, 28
33, 9, 28
32, 9, 28
31, 9, 28
51, 8, 28
48, 8, 89
49, 8, 89
48, 8, 28
50, 7, 28
49, 7, 28
51, 10, 27
50, 10, 27
49, 10, 27
48, 10, 27
68, 9, 27
67, 9, 27
66, 9, 27
65, 9, 27
64, 9, 27
63, 9, 27
62, 9, 27
60, 9, 27
59, 9, 27
58, 9, 27
57, 9, 27
56, 9, 27
55, 9, 27
54, 9, 27
51, 9, 27
50, 8, 89
48, 9, 27
45, 9, 27
44, 9, 27
43, 9, 27
42, 9, 27
41, 9, 27
40, 9, 27
39, 9, 27
36, 9, 27
35, 9, 27
34, 9, 27
33, 9, 27
32, 9, 27
31, 9, 27
30, 9, 27
51, 8, 27
50, 8, 27
49, 8, 27
48, 8, 27
50, 10, 26
49, 10, 26
69, 9, 26
68, 9, 26
67, 9, 26
66, 9, 26
65, 9, 26
64, 9, 26
63, 9, 26
60, 9, 26
59, 9, 26
58, 9, 26
57, 9, 26
56, 9, 26
55, 9, 26
54, 9, 26
51, 9, 26
51, 8, 89
49, 9, 89
48, 9, 26
45, 9, 26
44, 9, 26
43, 9, 26
42, 9, 26
41, 9, 26
40, 9, 26
39, 9, 26
36, 9, 26
35, 9, 26
34, 9, 26
33, 9, 26
32, 9, 26
31, 9, 26
30, 9, 26
51, 8, 26
50, 8, 26
49, 8, 26
48, 8, 26
50, 10, 25
49, 10, 25
69, 9, 25
68, 9, 25
67, 9, 25
66, 9, 25
65, 9, 25
64, 9, 25
63, 9, 25
60, 9, 25
59, 9, 25
58, 9, 25
57, 9, 25
56, 9, 25
55, 9, 25
54, 9, 25
50, 9, 25
50, 9, 89
48, 9, 25
45, 9, 25
44, 9, 25
43, 9, 25
42, 9, 25
41, 9, 25
40, 9, 25
39, 9, 25
36, 9, 25
35, 9, 25
34, 9, 25
33, 9, 25
32, 9, 25
31, 9, 25
30, 9, 25
50, 8, 25
49, 8, 25
50, 10, 24
49, 10, 24
69, 9, 24
68, 9, 24
67, 9, 24
66, 9, 24
65, 9, 24
64, 9, 24
63, 9, 24
60, 9, 24
59, 9, 24
58, 9, 24
57, 9, 24
56, 9, 24
55, 9, 24
54, 9, 24
50, 9, 24
49, 9, 24
45, 9, 24
44, 9, 24
43, 9, 24
42, 9, 24
41, 9, 24
40, 9, 24
39, 9, 24
36, 9, 24
35, 9, 24
34, 9, 24
33, 9, 24
32, 9, 24
31, 9, 24
30, 9, 24
50, 8, 24
49, 8, 24
69, 9, 23
68, 9, 23
67, 9, 23
66, 9, 23
65, 9, 23
64, 9, 23
63, 9, 23
60, 9, 23
59, 9, 23
58, 9, 23
57, 9, 23
56, 9, 23
55, 9, 23
54, 9, 23
50, 9, 23
49, 9, 23
45, 9, 23
44, 9, 23
43, 9, 23
42, 9, 23
41, 9, 23
40, 9, 23
39, 9, 23
36, 9, 23
35, 9, 23
34, 9, 23
33, 9, 23
32, 9, 23
31, 9, 23
30, 9, 23
49, 8, 23
69, 9, 22
68, 9, 22
67, 9, 22
66, 9, 22
65, 9, 22
64, 9, 22
63, 9, 22
60, 9, 22
59, 9, 22
58, 9, 22
57, 9, 22
56, 9, 22
55, 9, 22
54, 9, 22
45, 9, 22
44, 9, 22
43, 9, 22
42, 9, 22
41, 9, 22
40, 9, 22
39, 9, 22
36, 9, 22
35, 9, 22
34, 9, 22
33, 9, 22
32, 9, 22
31, 9, 22
30, 9, 22
69, 9, 21
68, 9, 21
67, 9, 21
66, 9, 21
65, 9, 21
64, 9, 21
63, 9, 21
60, 9, 21
59, 9, 21
58, 9, 21
57, 9, 21
56, 9, 21
55, 9, 21
54, 9, 21
45, 9, 21
44, 9, 21
43, 9, 21
42, 9, 21
41, 9, 21
40, 9, 21
39, 9, 21
36, 9, 21
35, 9, 21
34, 9, 21
33, 9, 21
32, 9, 21
31, 9, 21
30, 9, 21
69, 9, 20
68, 9, 20
67, 9, 20
66, 9, 20
65, 9, 20
64, 9, 20
63, 9, 20
60, 9, 20
59, 9, 20
58, 9, 20
57, 9, 20
56, 9, 20
55, 9, 20
54, 9, 20
45, 9, 20
44, 9, 20
43, 9, 20
42, 9, 20
41, 9, 20
40, 9, 20
39, 9, 20
36, 9, 20
35, 9, 20
34, 9, 20
33, 9, 20
32, 9, 20
31, 9, 20
30, 9, 20
69, 9, 19
68, 9, 19
67, 9, 19
66, 9, 19
65, 9, 19
64, 9, 19
63, 9, 19
60, 9, 19
59, 9, 19
58, 9, 19
57, 9, 19
56, 9, 19
55, 9, 19
54, 9, 19
45, 9, 19
44, 9, 19
43, 9, 19
42, 9, 19
41, 9, 19
40, 9, 19
39, 9, 19
36, 9, 19
35, 9, 19
34, 9, 19
33, 9, 19
32, 9, 19
31, 9, 19
30, 9, 19
69, 9, 18
68, 9, 18
67, 9, 18
66, 9, 18
65, 9, 18
64, 9, 18
63, 9, 18
60, 9, 18
59, 9, 18
58, 9, 18
57, 9, 18
56, 9, 18
55, 9, 18
54, 9, 18
45, 9, 18
44, 9, 18
43, 9, 18
42, 9, 18
41, 9, 18
40, 9, 18
39, 9, 18
36, 9, 18
35, 9, 18
34, 9, 18
33, 9, 18
32, 9, 18
31, 9, 18
30, 9, 18
69, 9, 17
68, 9, 17
67, 9, 17
66, 9, 17
65, 9, 17
64, 9, 17
63, 9, 17
60, 9, 17
59, 9, 17
58, 9, 17
57, 9, 17
56, 9, 17
55, 9, 17
54, 9, 17
45, 9, 17
44, 9, 17
43, 9, 17
42, 9, 17
41, 9, 17
40, 9, 17
39, 9, 17
36, 9, 17
35, 9, 17
34, 9, 17
33, 9, 17
32, 9, 17
31, 9, 17
30, 9, 17
69, 9, 16
68, 9, 16
67, 9, 16
66, 9, 16
65, 9, 16
64, 9, 16
63, 9, 16
60, 9, 16
59, 9, 16
58, 9, 16
57, 9, 16
56, 9, 16
55, 9, 16
54, 9, 16
45, 9, 16
44, 9, 16
43, 9, 16
42, 9, 16
41, 9, 16
40, 9, 16
39, 9, 16
36, 9, 16
35, 9, 16
34, 9, 16
33, 9, 16
32, 9, 16
31, 9, 16
30, 9, 16
69, 9, 15
68, 9, 15
67, 9, 15
66, 9, 15
65, 9, 15
64, 9, 15
63, 9, 15
60, 9, 15
59, 9, 15
58, 9, 15
57, 9, 15
56, 9, 15
55, 9, 15
54, 9, 15
45, 9, 15
44, 9, 15
43, 9, 15
42, 9, 15
41, 9, 15
40, 9, 15
39, 9, 15
36, 9, 15
35, 9, 15
34, 9, 15
33, 9, 15
32, 9, 15
31, 9, 15
30, 9, 15
69, 9, 14
68, 9, 14
67, 9, 14
66, 9, 14
65, 9, 14
64, 9, 14
63, 9, 14
60, 9, 14
59, 9, 14
58, 9, 14
57, 9, 14
56, 9, 14
55, 9, 14
54, 9, 14
45, 9, 14
44, 9, 14
43, 9, 14
42, 9, 14
41, 9, 14
40, 9, 14
39, 9, 14
36, 9, 14
35, 9, 14
34, 9, 14
33, 9, 14
32, 9, 14
31, 9, 14
30, 9, 14
69, 9, 13
68, 9, 13
67, 9, 13
66, 9, 13
65, 9, 13
64, 9, 13
63, 9, 13
60, 9, 13
59, 9, 13
58, 9, 13
57, 9, 13
56, 9, 13
55, 9, 13
54, 9, 13
45, 9, 13
44, 9, 13
43, 9, 13
42, 9, 13
41, 9, 13
40, 9, 13
39, 9, 13
36, 9, 13
35, 9, 13
34, 9, 13
33, 9, 13
32, 9, 13
31, 9, 13
30, 9, 13
69, 9, 12
68, 9, 12
67, 9, 12
66, 9, 12
65, 9, 12
64, 9, 12
63, 9, 12
60, 9, 12
59, 9, 12
58, 9, 12
57, 9, 12
56, 9, 12
55, 9, 12
54, 9, 12
45, 9, 12
44, 9, 12
43, 9, 12
42, 9, 12
41, 9, 12
40, 9, 12
39, 9, 12
36, 9, 12
35, 9, 12
34, 9, 12
33, 9, 12
32, 9, 12
31, 9, 12
30, 9, 12
69, 9, 11
68, 9, 11
67, 9, 11
66, 9, 11
65, 9, 11
64, 9, 11
63, 9, 11
60, 9, 11
59, 9, 11
58, 9, 11
57, 9, 11
56, 9, 11
55, 9, 11
54, 9, 11
45, 9, 11
44, 9, 11
43, 9, 11
42, 9, 11
41, 9, 11
40, 9, 11
39, 9, 11
36, 9, 11
35, 9, 11
34, 9, 11
33, 9, 11
32, 9, 11
31, 9, 11
30, 9, 11
69, 9, 10
68, 9, 10
67, 9, 10
66, 9, 10
65, 9, 10
64, 9, 10
63, 9, 10
60, 9, 10
59, 9, 10
58, 9, 10
57, 9, 10
56, 9, 10
55, 9, 10
54, 9, 10
45, 9, 10
44, 9, 10
43, 9, 10
42, 9, 10
41, 9, 10
40, 9, 10
39, 9, 10
36, 9, 10
35, 9, 10
34, 9, 10
33, 9, 10
32, 9, 10
31, 9, 10
30, 9, 10
69, 9, 9
68, 9, 9
67, 9, 9
66, 9, 9
65, 9, 9
64, 9, 9
63, 9, 9
60, 9, 9
59, 9, 9
58, 9, 9
57, 9, 9
56, 9, 9
55, 9, 9
54, 9, 9
45, 9, 9
44, 9, 9
43, 9, 9
42, 9, 9
41, 9, 9
40, 9, 9
39, 9, 9
36, 9, 9
35, 9, 9
34, 9, 9
33, 9, 9
32, 9, 9
31, 9, 9
30, 9, 9
69, 9, 8
68, 9, 8
67, 9, 8
66, 9, 8
65, 9, 8
64, 9, 8
63, 9, 8
60, 9, 8
59, 9, 8
58, 9, 8
57, 9, 8
56, 9, 8
55, 9, 8
54, 9, 8
45, 9, 8
44, 9, 8
43, 9, 8
42, 9, 8
41, 9, 8
40, 9, 8
39, 9, 8
36, 9, 8
35, 9, 8
34, 9, 8
33, 9, 8
32, 9, 8
31, 9, 8
30, 9, 8
69, 9, 7
68, 9, 7
67, 9, 7
66, 9, 7
65, 9, 7
64, 9, 7
63, 9, 7
60, 9, 7
59, 9, 7
58, 9, 7
57, 9, 7
56, 9, 7
55, 9, 7
54, 9, 7
45, 9, 7
44, 9, 7
43, 9, 7
42, 9, 7
41, 9, 7
40, 9, 7
39, 9, 7
36, 9, 7
35, 9, 7
34, 9, 7
33, 9, 7
32, 9, 7
31, 9, 7
30, 9, 7
69, 9, 6
68, 9, 6
67, 9, 6
66, 9, 6
65, 9, 6
64, 9, 6
63, 9, 6
60, 9, 6
59, 9, 6
58, 9, 6
57, 9, 6
56, 9, 6
55, 9, 6
54, 9, 6
45, 9, 6
44, 9, 6
43, 9, 6
42, 9, 6
41, 9, 6
40, 9, 6
39, 9, 6
36, 9, 6
35, 9, 6
34, 9, 6
33, 9, 6
32, 9, 6
31, 9, 6
30, 9, 6
69, 9, 5
68, 9, 5
67, 9, 5
66, 9, 5
65, 9, 5
64, 9, 5
63, 9, 5
60, 9, 5
59, 9, 5
58, 9, 5
57, 9, 5
56, 9, 5
55, 9, 5
54, 9, 5
45, 9, 5
44, 9, 5
43, 9, 5
42, 9, 5
41, 9, 5
40, 9, 5
39, 9, 5
36, 9, 5
35, 9, 5
34, 9, 5
33, 9, 5
32, 9, 5
31, 9, 5
30, 9, 5
69, 9, 4
68, 9, 4
67, 9, 4
66, 9, 4
65, 9, 4
64, 9, 4
63, 9, 4
60, 9, 4
59, 9, 4
58, 9, 4
57, 9, 4
56, 9, 4
55, 9, 4
54, 9, 4
45, 9, 4
44, 9, 4
43, 9, 4
42, 9, 4
41, 9, 4
40, 9, 4
39, 9, 4
36, 9, 4
35, 9, 4
34, 9, 4
33, 9, 4
32, 9, 4
31, 9, 4
30, 9, 4
69, 9, 3
68, 9, 3
67, 9, 3
66, 9, 3
65, 9, 3
64, 9, 3
63, 9, 3
60, 9, 3
59, 9, 3
58, 9, 3
57, 9, 3
56, 9, 3
55, 9, 3
54, 9, 3
45, 9, 3
44, 9, 3
43, 9, 3
42, 9, 3
41, 9, 3
40, 9, 3
39, 9, 3
36, 9, 3
35, 9, 3
34, 9, 3
33, 9, 3
32, 9, 3
31, 9, 3
30, 9, 3
69, 9, 2
68, 9, 2
67, 9, 2
66, 9, 2
65, 9, 2
64, 9, 2
63, 9, 2
60, 9, 2
59, 9, 2
58, 9, 2
56, 9, 2
55, 9, 2
54, 9, 2
45, 9, 2
44, 9, 2
43, 9, 2
42, 9, 2
41, 9, 2
40, 9, 2
39, 9, 2
36, 9, 2
35, 9, 2
34, 9, 2
33, 9, 2
32, 9, 2
31, 9, 2
30, 9, 2
69, 9, 1
68, 9, 1
67, 9, 1
65, 9, 1
64, 9, 1
63, 9, 1
60, 9, 1
59, 9, 1
58, 9, 1
41, 9, 1
40, 9, 1
39, 9, 1
36, 9, 1
35, 9, 1
34, 9, 1
32, 9, 1
31, 9, 1
30, 9, 1
69, 9, 0
68, 9, 0
67, 9, 0
65, 9, 0
64, 9, 0
35, 9, 0
34, 9, 0
32, 9, 0
31, 9, 0
30, 9, 0