14, 16, 39
10, 16, 39
63, 15, 39
15, 16, 39
56, 16, 39
63, 16, 39
8, 17, 39
9, 17, 39
56, 15, 39
13, 15, 39
15, 17, 39
11, 15, 39
63, 14, 39
56, 17, 39
63, 17, 39
8, 18, 39
16, 18, 39
56, 14, 39
13, 14, 39
12, 14, 39
62, 13, 39
56, 18, 39
63, 18, 39
0, 19, 39
1, 19, 39
57, 13, 39
13, 13, 39
12, 13, 39
61, 12, 39
60, 12, 39
59, 12, 39
58, 12, 39
13, 12, 39
12, 12, 39
13, 11, 39
12, 11, 39
14, 10, 39
2, 19, 39
12, 10, 39
14, 9, 39
13, 9, 39
14, 8, 39
13, 8, 39
14, 7, 39
13, 7, 39
26, 82, 38
25, 82, 38
30, 81, 38
29, 81, 38
28, 81, 38
27, 81, 38
7, 19, 39
16, 19, 39
24, 81, 38
23, 81, 38
22, 81, 38
21, 81, 38
31, 80, 38
56, 19, 39
63, 19, 39
0, 20, 39
20, 80, 38
19, 80, 38
32, 79, 38
3, 20, 39
4, 20, 39
18, 79, 38
17, 79, 38
16, 79, 38
32, 78, 38
5, 20, 39
6, 20, 39
16, 20, 39
16, 78, 38
33, 77, 38
55, 20, 39
58, 20, 39
59, 20, 39
15, 77, 38
33, 76, 38
60, 20, 39
61, 20, 39
15, 76, 38
34, 75, 38
62, 20, 39
63, 20, 39
15, 75, 38
33, 74, 38
64, 20, 39
0, 21, 39
15, 74, 38
33, 73, 38
1, 21, 39
17, 21, 39
18, 21, 39
19, 21, 39
54, 21, 39
57, 21, 39
15, 73, 38
32, 72, 38
63, 21, 39
64, 21, 39
2, 22, 39
22, 72, 38
21, 72, 38
20, 72, 38
3, 22, 39
4, 22, 39
15, 72, 38
31, 71, 38
30, 71, 38
5, 22, 39
23, 71, 38
19, 71, 38
18, 71, 38
6, 22, 39
20, 22, 39
15, 71, 38
29, 70, 38
28, 70, 38
21, 22, 39
22, 22, 39
22, 70, 38
17, 70, 38
16, 70, 38
15, 70, 38
27, 69, 38
23, 22, 39
24, 22, 39
22, 69, 38
16, 69, 38
26, 68, 38
22, 68, 38
26, 67, 38
53, 22, 39
22, 67, 38
25, 66, 38
56, 22, 39
21, 66, 38
25, 65, 38
7, 23, 39
17, 23, 39
21, 65, 38
24, 64, 38
21, 64, 38
24, 63, 38
18, 23, 39
19, 23, 39
20, 63, 38
23, 62, 38
24, 23, 39
53, 23, 39
20, 62, 38
22, 61, 38
21, 61, 38
20, 61, 38
54, 57, 38
53, 57, 38
55, 56, 38
54, 56, 38
53, 56, 38
52, 56, 38
56, 55, 38
55, 23, 39
8, 24, 39
17, 24, 39
52, 55, 38
56, 54, 38
20, 24, 39
21, 24, 39
22, 24, 39
23, 24, 39
51, 54, 38
50, 54, 38
57, 53, 38
24, 24, 39
53, 24, 39
54, 24, 39
8, 25, 39
17, 25, 39
51, 53, 38
50, 53, 38
49, 53, 38
48, 53, 38
56, 52, 38
8, 26, 39
9, 26, 39
17, 26, 39
10, 27, 39
51, 52, 38
50, 52, 38
49, 52, 38
48, 52, 38
47, 52, 38
56, 51, 38
55, 51, 38
54, 51, 38
53, 51, 38
52, 51, 38
51, 51, 38
50, 51, 38
49, 51, 38
48, 51, 38
47, 51, 38
13, 29, 38
12, 29, 38
11, 29, 38
16, 28, 38
15, 28, 38
14, 28, 38
16, 27, 39
11, 28, 39
12, 28, 39
10, 28, 38
17, 27, 38
13, 28, 39
14, 28, 39
15, 28, 39
48, 50, 39
46, 51, 39
47, 51, 39
9, 27, 38
17, 26, 38
49, 51, 39
50, 51, 39
51, 51, 39
52, 51, 39
8, 26, 38
17, 25, 38
53, 51, 39
54, 51, 39
8, 25, 38
67, 24, 38
66, 24, 38
54, 24, 38
53, 24, 38
52, 24, 38
24, 24, 38
23, 24, 38
22, 24, 38
21, 24, 38
20, 24, 38
19, 24, 38
18, 24, 38
55, 51, 39
46, 52, 39
56, 52, 39
47, 53, 39
48, 53, 39
8, 24, 38
67, 23, 38
66, 23, 38
65, 23, 38
55, 23, 38
49, 53, 39
53, 23, 38
24, 23, 38
23, 23, 38
56, 53, 39
50, 54, 39
56, 54, 39
51, 55, 39
56, 55, 39
51, 56, 39
55, 56, 39
52, 57, 39
55, 57, 39
52, 58, 39
53, 58, 39
54, 58, 39
54, 59, 39
21, 61, 39
22, 61, 39
7, 23, 38
6, 23, 38
5, 23, 38
66, 22, 38
65, 22, 38
64, 22, 38
56, 22, 38
23, 61, 39
54, 22, 38
22, 22, 38
21, 22, 38
20, 22, 38
19, 22, 38
18, 22, 38
20, 62, 39
24, 62, 39
21, 63, 39
24, 63, 39
21, 64, 39
25, 64, 39
22, 65, 39
25, 65, 39
22, 66, 39
26, 66, 39
22, 67, 39
26, 67, 39
4, 22, 38
3, 22, 38
2, 22, 38
1, 22, 38
0, 22, 38
65, 21, 38
22, 68, 39
63, 21, 38
60, 21, 38
59, 21, 38
57, 21, 38
27, 68, 39
55, 21, 38
17, 21, 38
15, 69, 39
16, 69, 39
22, 69, 39
27, 69, 39
14, 70, 39
16, 70, 39
23, 70, 39
28, 70, 39
6, 21, 38
5, 21, 38
29, 70, 39
14, 71, 39
17, 71, 39
18, 71, 39
0, 21, 38
65, 20, 38
19, 71, 39
23, 71, 39
62, 20, 38
61, 20, 38
30, 71, 39
31, 71, 39
58, 20, 38
14, 72, 39
56, 20, 38
16, 20, 38
20, 72, 39
21, 72, 39
22, 72, 39
7, 20, 38
4, 20, 38
3, 20, 38
2, 20, 38
1, 20, 38
0, 20, 38
64, 19, 38
32, 72, 39
14, 73, 39
32, 73, 39
14, 74, 39
33, 74, 39
15, 75, 39
56, 19, 38
16, 19, 38
33, 75, 39
15, 76, 39
33, 76, 39
15, 77, 39
8, 19, 38
63, 18, 38
32, 77, 39
16, 78, 39
17, 78, 39
32, 78, 39
18, 79, 39
31, 79, 39
56, 18, 38
16, 18, 38
19, 80, 39
20, 80, 39
30, 80, 39
21, 81, 39
22, 81, 39
8, 18, 38
63, 17, 38
23, 81, 39
24, 81, 39
25, 81, 39
26, 81, 39
27, 81, 39
56, 17, 38
15, 17, 38
28, 81, 39
29, 81, 39
13, 7, 40
14, 7, 40
13, 8, 40
9, 17, 38
63, 16, 38
14, 8, 40
13, 9, 40
14, 9, 40
12, 10, 40
14, 10, 40
56, 16, 38
14, 16, 38
12, 11, 40
13, 11, 40
11, 16, 38
10, 16, 38
63, 15, 38
12, 12, 40
13, 12, 40
57, 12, 40
58, 12, 40
59, 12, 40
60, 12, 40
56, 15, 38
13, 15, 38
12, 15, 38
63, 14, 38
61, 12, 40
12, 13, 40
13, 13, 40
56, 13, 40
62, 13, 40
56, 14, 38
13, 14, 38
12, 14, 38
63, 13, 38
62, 13, 38
12, 14, 40
13, 14, 40
56, 14, 40
58, 13, 38
57, 13, 38
56, 13, 38
13, 13, 38
12, 13, 38
61, 12, 38
60, 12, 38
59, 12, 38
13, 12, 38
12, 12, 38
13, 11, 38
12, 11, 38
14, 10, 38
63, 14, 40
12, 10, 38
14, 9, 38
13, 9, 38
14, 8, 38
13, 8, 38
14, 7, 38
13, 7, 38
26, 82, 37
25, 82, 37
24, 82, 37
30, 81, 37
29, 81, 37
28, 81, 37
27, 81, 37
10, 15, 40
11, 15, 40
14, 15, 40
23, 81, 37
22, 81, 37
21, 81, 37
31, 80, 37
56, 15, 40
63, 15, 40
20, 80, 37
19, 80, 37
17, 80, 37
32, 79, 37
9, 16, 40
15, 16, 40
18, 79, 37
56, 16, 40
16, 79, 37
33, 78, 37
63, 16, 40
8, 17, 40
16, 17, 40
56, 17, 40
16, 78, 37
34, 77, 37
63, 17, 40
8, 18, 40
16, 77, 37
34, 76, 37
16, 18, 40
56, 18, 40
16, 76, 37
34, 75, 37
63, 18, 40
0, 19, 40
1, 19, 40
16, 75, 37
34, 74, 37
2, 19, 40
3, 19, 40
16, 74, 37
34, 73, 37
4, 19, 40
5, 19, 40
6, 19, 40
7, 19, 40
16, 19, 40
16, 73, 37
33, 72, 37
32, 72, 37
56, 19, 40
62, 19, 40
0, 20, 40
21, 72, 37
20, 72, 37
19, 72, 37
17, 20, 40
55, 20, 40
16, 72, 37
31, 71, 37
30, 71, 37
56, 20, 40
57, 20, 40
22, 71, 37
18, 71, 37
58, 20, 40
16, 71, 37
15, 71, 37
29, 70, 37
28, 70, 37
59, 20, 40
60, 20, 40
22, 70, 37
17, 70, 37
27, 69, 37
61, 20, 40
22, 69, 37
26, 68, 37
0, 21, 40
1, 21, 40
21, 68, 37
26, 67, 37
2, 21, 40
3, 21, 40
21, 67, 37
25, 66, 37
4, 21, 40
5, 21, 40
20, 66, 37
19, 66, 37
25, 65, 37
6, 21, 40
18, 21, 40
19, 21, 40
20, 65, 37
19, 65, 37
24, 64, 37
20, 21, 40
21, 21, 40
20, 64, 37
23, 63, 37
22, 21, 40
23, 21, 40
20, 63, 37
23, 62, 37
22, 62, 37
24, 21, 40
20, 62, 37
21, 61, 37
20, 61, 37
56, 55, 37
55, 55, 37
54, 55, 37
53, 55, 37
56, 54, 37
54, 21, 40
55, 21, 40
56, 21, 40
52, 54, 37
56, 53, 37
7, 22, 40
17, 22, 40
24, 22, 40
52, 53, 37
56, 52, 37
53, 22, 40
54, 22, 40
55, 22, 40
52, 52, 37
56, 51, 37
55, 51, 37
54, 51, 37
53, 51, 37
16, 29, 37
15, 29, 37
14, 29, 37
13, 29, 37
12, 29, 37
11, 29, 37
17, 28, 37
56, 22, 40
7, 23, 40
16, 23, 40
18, 23, 40
19, 23, 40
20, 23, 40
10, 28, 37
18, 27, 37
21, 23, 40
22, 23, 40
23, 23, 40
24, 23, 40
9, 27, 37
18, 26, 37
53, 23, 40
54, 23, 40
55, 23, 40
8, 24, 40
16, 24, 40
8, 26, 37
53, 25, 37
18, 25, 37
53, 24, 40
54, 24, 40
8, 25, 40
8, 25, 37
67, 24, 37
66, 24, 37
54, 24, 37
16, 25, 40
52, 24, 37
23, 24, 37
22, 24, 37
21, 24, 37
20, 24, 37
19, 24, 37
9, 26, 40
16, 26, 40
10, 27, 40
13, 27, 40
15, 27, 40
10, 28, 40
12, 28, 40
14, 28, 40
10, 29, 40
11, 29, 40
8, 24, 37
67, 23, 37
47, 50, 40
65, 23, 37
55, 23, 37
48, 50, 40
53, 23, 37
23, 23, 37
22, 23, 37
21, 23, 37
20, 23, 37
19, 23, 37
18, 23, 37
46, 51, 40
49, 51, 40
50, 51, 40
51, 51, 40
52, 51, 40
54, 51, 40
55, 51, 40
56, 51, 40
7, 23, 37
6, 23, 37
5, 23, 37
4, 23, 37
3, 23, 37
66, 22, 37
46, 52, 40
64, 22, 37
56, 22, 37
51, 52, 40
54, 22, 37
17, 22, 37
53, 52, 40
56, 52, 40
47, 53, 40
48, 53, 40
49, 53, 40
51, 53, 40
56, 53, 40
50, 54, 40
51, 54, 40
56, 54, 40
51, 55, 40
52, 55, 40
55, 55, 40
2, 22, 37
1, 22, 37
0, 22, 37
65, 21, 37
51, 56, 40
63, 21, 37
61, 21, 37
60, 21, 37
59, 21, 37
58, 21, 37
57, 21, 37
55, 56, 40
55, 21, 37
17, 21, 37
52, 57, 40
55, 57, 40
52, 58, 40
55, 58, 40
7, 21, 37
6, 21, 37
5, 21, 37
4, 21, 37
3, 21, 37
2, 21, 37
1, 21, 37
0, 21, 37
64, 20, 37
52, 59, 40
62, 20, 37
53, 59, 40
54, 59, 40
52, 60, 40
53, 60, 40
56, 20, 37
16, 20, 37
54, 60, 40
20, 61, 40
8, 20, 37
63, 19, 37
21, 61, 40
22, 61, 40
23, 61, 40
20, 62, 40
21, 62, 40
56, 19, 37
16, 19, 37
24, 62, 40
22, 63, 40
25, 63, 40
22, 64, 40
8, 19, 37
63, 18, 37
25, 64, 40
22, 65, 40
25, 65, 40
22, 66, 40
26, 66, 40
56, 18, 37
15, 18, 37
22, 67, 40
26, 67, 40
23, 68, 40
27, 68, 40
9, 18, 37
8, 18, 37
63, 17, 37
14, 69, 40
15, 69, 40
56, 17, 37
14, 17, 37
16, 69, 40
23, 69, 40
11, 17, 37
10, 17, 37
63, 16, 37
27, 69, 40
14, 70, 40
16, 70, 40
23, 70, 40
28, 70, 40
56, 16, 37
13, 16, 37
12, 16, 37
63, 15, 37
29, 70, 40
14, 71, 40
17, 71, 40
18, 71, 40
19, 71, 40
56, 15, 37
13, 15, 37
12, 15, 37
64, 14, 37
24, 71, 40
30, 71, 40
14, 72, 40
20, 72, 40
21, 72, 40
56, 14, 37
13, 14, 37
12, 14, 37
64, 13, 37
22, 72, 40
62, 13, 37
61, 13, 37
60, 13, 37
23, 72, 40
58, 13, 37
57, 13, 37
31, 72, 40
55, 13, 37
13, 13, 37
12, 13, 37
64, 12, 37
63, 12, 37
59, 12, 37
56, 12, 37
55, 12, 37
54, 12, 37
13, 12, 37
12, 12, 37
55, 11, 37
54, 11, 37
13, 11, 37
12, 11, 37
14, 10, 37
14, 73, 40
12, 10, 37
14, 9, 37
13, 9, 37
14, 8, 37
13, 8, 37
26, 82, 36
25, 82, 36
30, 81, 36
29, 81, 36
28, 81, 36
27, 81, 36
32, 73, 40
14, 74, 40
24, 81, 36
23, 81, 36
22, 81, 36
21, 81, 36
32, 80, 36
31, 80, 36
32, 74, 40
14, 75, 40
20, 80, 36
19, 80, 36
18, 80, 36
17, 80, 36
33, 79, 36
32, 75, 40
15, 76, 40
32, 76, 40
16, 77, 40
17, 79, 36
34, 78, 36
32, 77, 40
17, 78, 36
34, 77, 36
17, 78, 40
17, 77, 36
35, 76, 36
31, 78, 40
18, 79, 40
19, 79, 40
17, 76, 36
35, 75, 36
30, 79, 40
20, 80, 40
17, 75, 36
35, 74, 36
21, 80, 40
30, 80, 40
17, 74, 36
35, 73, 36
22, 81, 40
23, 81, 40
24, 81, 40
25, 81, 40
26, 81, 40
27, 81, 40
28, 81, 40
16, 73, 36
35, 72, 36
34, 72, 36
30, 81, 40
29, 82, 40
30, 82, 40
13, 8, 41
14, 8, 41
13, 9, 41
21, 72, 36
20, 72, 36
14, 9, 41
12, 10, 41
14, 10, 41
16, 72, 36
33, 71, 36
32, 71, 36
31, 71, 36
30, 71, 36
12, 11, 41
13, 11, 41
22, 71, 36
19, 71, 36
18, 71, 36
17, 71, 36
16, 71, 36
29, 70, 36
28, 70, 36
58, 11, 41
59, 11, 41
12, 12, 41
21, 70, 36
27, 69, 36
13, 12, 41
56, 12, 41
57, 12, 41
21, 69, 36
26, 68, 36
60, 12, 41
61, 12, 41
12, 13, 41
20, 68, 36
25, 67, 36
13, 13, 41
56, 13, 41
20, 67, 36
24, 66, 36
62, 13, 41
11, 14, 41
14, 14, 41
19, 66, 36
24, 65, 36
55, 14, 41
63, 14, 41
20, 65, 36
23, 64, 36
9, 15, 41
10, 15, 41
20, 64, 36
23, 63, 36
22, 63, 36
21, 63, 36
20, 63, 36
22, 62, 36
21, 62, 36
20, 62, 36
55, 55, 36
56, 54, 36
15, 15, 41
54, 54, 36
53, 54, 36
56, 53, 36
55, 15, 41
63, 15, 41
53, 53, 36
56, 52, 36
8, 16, 41
16, 16, 41
55, 16, 41
52, 52, 36
56, 51, 36
55, 51, 36
63, 16, 41
8, 17, 41
52, 51, 36
54, 50, 36
53, 50, 36
52, 50, 36
16, 30, 36
15, 30, 36
14, 30, 36
13, 30, 36
18, 29, 36
17, 29, 36
16, 17, 41
56, 17, 41
63, 17, 41
0, 18, 41
12, 29, 36
11, 29, 36
18, 28, 36
1, 18, 41
2, 18, 41
3, 18, 41
4, 18, 41
5, 18, 41
8, 18, 41
10, 28, 36
9, 28, 36
18, 27, 36
16, 18, 41
56, 18, 41
63, 18, 41
0, 19, 41
9, 27, 36
18, 26, 36
6, 19, 41
7, 19, 41
17, 19, 41
57, 19, 41
58, 19, 41
8, 26, 36
66, 25, 36
53, 25, 36
52, 25, 36
18, 25, 36
61, 19, 41
62, 19, 41
0, 20, 41
1, 20, 41
2, 20, 41
3, 20, 41
4, 20, 41
8, 25, 36
67, 24, 36
5, 20, 41
65, 24, 36
54, 24, 36
6, 20, 41
52, 24, 36
20, 24, 36
19, 24, 36
18, 20, 41
19, 20, 41
20, 20, 41
21, 20, 41
59, 20, 41
60, 20, 41
7, 21, 41
22, 21, 41
23, 21, 41
7, 24, 36
67, 23, 36
24, 21, 41
7, 22, 41
64, 23, 36
55, 23, 36
17, 22, 41
53, 23, 36
18, 23, 36
18, 22, 41
19, 22, 41
20, 22, 41
21, 22, 41
22, 22, 41
23, 22, 41
24, 22, 41
7, 23, 41
7, 23, 36
6, 23, 36
5, 23, 36
4, 23, 36
66, 22, 36
16, 23, 41
24, 23, 41
63, 22, 36
56, 22, 36
8, 24, 41
54, 22, 36
17, 22, 36
16, 24, 41
8, 25, 41
9, 25, 41
15, 25, 41
7, 22, 36
6, 22, 36
5, 22, 36
4, 22, 36
3, 22, 36
65, 21, 36
16, 25, 41
10, 26, 41
62, 21, 36
61, 21, 36
60, 21, 36
59, 21, 36
58, 21, 36
57, 21, 36
15, 26, 41
55, 21, 36
17, 21, 36
10, 27, 41
13, 27, 41
14, 27, 41
10, 28, 41
8, 21, 36
64, 20, 36
12, 28, 41
10, 29, 41
11, 29, 41
10, 30, 41
11, 30, 41
56, 20, 36
17, 20, 36
16, 20, 36
46, 51, 41
47, 51, 41
48, 51, 41
8, 20, 36
63, 19, 36
49, 51, 41
53, 51, 41
54, 51, 41
55, 51, 41
56, 51, 41
46, 52, 41
56, 19, 36
15, 19, 36
47, 52, 41
48, 52, 41
49, 52, 41
50, 52, 41
9, 19, 36
8, 19, 36
64, 18, 36
52, 52, 41
56, 52, 41
48, 53, 41
49, 53, 41
50, 53, 41
52, 53, 41
56, 18, 36
14, 18, 36
56, 53, 41
52, 54, 41
11, 18, 36
10, 18, 36
9, 18, 36
63, 17, 36
55, 54, 41
53, 55, 41
54, 55, 41
56, 17, 36
13, 17, 36
12, 17, 36
10, 17, 36
63, 16, 36
55, 55, 41
52, 56, 41
53, 56, 41
54, 56, 41
55, 56, 41
52, 57, 41
56, 16, 36
13, 16, 36
12, 16, 36
63, 15, 36
55, 57, 41
51, 58, 41
54, 58, 41
51, 59, 41
54, 59, 41
56, 15, 36
13, 15, 36
12, 15, 36
64, 14, 36
52, 60, 41
54, 60, 41
22, 61, 41
52, 61, 41
53, 61, 41
56, 14, 36
13, 14, 36
12, 14, 36
65, 13, 36
21, 62, 41
63, 13, 36
62, 13, 36
61, 13, 36
60, 13, 36
59, 13, 36
58, 13, 36
57, 13, 36
23, 62, 41
55, 13, 36
13, 13, 36
12, 13, 36
66, 12, 36
65, 12, 36
64, 12, 36
56, 12, 36
24, 62, 41
54, 12, 36
53, 12, 36
13, 12, 36
12, 12, 36
66, 11, 36
65, 11, 36
55, 11, 36
22, 63, 41
53, 11, 36
13, 11, 36
12, 11, 36
54, 10, 36
53, 10, 36
14, 10, 36
25, 63, 41
12, 10, 36
14, 9, 36
13, 9, 36
13, 8, 36
30, 81, 35
29, 81, 35
28, 81, 35
27, 81, 35
26, 81, 35
25, 81, 35
24, 81, 35
23, 81, 35
22, 81, 35
21, 81, 35
32, 80, 35
31, 80, 35
22, 64, 41
25, 64, 41
23, 65, 41
20, 80, 35
19, 80, 35
18, 80, 35
17, 80, 35
33, 79, 35
26, 65, 41
23, 66, 41
26, 66, 41
18, 79, 35
17, 79, 35
34, 78, 35
23, 67, 41
26, 67, 41
24, 68, 41
17, 78, 35
35, 77, 35
27, 68, 41
13, 69, 41
14, 69, 41
17, 77, 35
35, 76, 35
15, 69, 41
24, 69, 41
27, 69, 41
17, 76, 35
36, 75, 35
13, 70, 41
18, 75, 35
36, 74, 35
16, 70, 41
24, 70, 41
17, 74, 35
36, 73, 35
28, 70, 41
29, 70, 41
13, 71, 41
17, 71, 41
18, 71, 41
17, 73, 35
36, 72, 35
19, 71, 41
20, 71, 41
24, 71, 41
30, 71, 41
13, 72, 41
21, 72, 41
22, 72, 41
17, 72, 35
36, 71, 35
35, 71, 35
34, 71, 35
23, 72, 41
31, 72, 41
31, 71, 35
30, 71, 35
29, 71, 35
32, 72, 41
33, 72, 41
21, 71, 35
20, 71, 35
19, 71, 35
18, 71, 35
17, 71, 35
35, 70, 35
34, 70, 35
33, 70, 35
32, 70, 35
28, 70, 35
27, 70, 35
34, 72, 41
13, 73, 41
33, 73, 41
20, 70, 35
26, 69, 35
14, 74, 41
32, 74, 41
14, 75, 41
20, 69, 35
25, 68, 35
15, 75, 41
31, 75, 41
16, 76, 41
20, 68, 35
24, 67, 35
31, 76, 41
17, 77, 41
20, 67, 35
23, 66, 35
31, 77, 41
17, 78, 41
20, 66, 35
23, 65, 35
18, 78, 41
21, 65, 35
20, 65, 35
22, 64, 35
21, 64, 35
20, 64, 35
55, 54, 35
54, 54, 35
56, 53, 35
30, 78, 41
19, 79, 41
53, 53, 35
56, 52, 35
30, 79, 41
20, 80, 41
21, 80, 41
52, 52, 35
55, 51, 35
22, 80, 41
23, 80, 41
30, 80, 41
51, 51, 35
55, 50, 35
54, 50, 35
24, 81, 41
25, 81, 41
51, 50, 35
53, 49, 35
52, 49, 35
18, 31, 35
17, 31, 35
16, 31, 35
15, 31, 35
14, 31, 35
19, 30, 35
18, 30, 35
17, 30, 35
26, 81, 41
27, 81, 41
31, 81, 41
13, 30, 35
12, 30, 35
20, 29, 35
19, 29, 35
28, 82, 41
31, 82, 41
29, 83, 41
11, 29, 35
19, 28, 35
30, 83, 41
31, 83, 41
32, 83, 41
30, 84, 41
31, 84, 41
10, 28, 35
9, 28, 35
19, 27, 35
32, 84, 41
31, 85, 41
32, 85, 41
35, 87, 41
35, 88, 41
36, 88, 41
36, 89, 41
13, 9, 42
9, 27, 35
19, 26, 35
14, 9, 42
12, 10, 42
9, 26, 35
67, 25, 35
66, 25, 35
53, 25, 35
52, 25, 35
19, 25, 35
14, 10, 42
12, 11, 42
13, 11, 42
57, 11, 42
8, 25, 35
67, 24, 35
58, 11, 42
65, 24, 35
54, 24, 35
59, 11, 42
52, 24, 35
18, 24, 35
60, 11, 42
12, 12, 42
13, 12, 42
56, 12, 42
61, 12, 42
11, 13, 42
8, 24, 35
66, 23, 35
14, 13, 42
64, 23, 35
55, 23, 35
55, 13, 42
53, 23, 35
18, 23, 35
62, 13, 42
10, 14, 42
15, 14, 42
55, 14, 42
62, 14, 42
8, 23, 35
65, 22, 35
8, 15, 42
63, 22, 35
60, 22, 35
56, 22, 35
9, 15, 42
54, 22, 35
17, 22, 35
16, 15, 42
55, 15, 42
62, 15, 42
8, 22, 35
64, 21, 35
8, 16, 42
62, 21, 35
61, 21, 35
16, 16, 42
59, 21, 35
58, 21, 35
57, 21, 35
55, 16, 42
55, 21, 35
17, 21, 35
63, 16, 42
0, 17, 42
1, 17, 42
2, 17, 42
3, 17, 42
8, 21, 35
63, 20, 35
8, 17, 42
16, 17, 42
56, 17, 42
62, 17, 42
56, 20, 35
16, 20, 35
0, 18, 42
4, 18, 42
5, 18, 42
6, 18, 42
9, 20, 35
63, 19, 35
7, 18, 42
17, 18, 42
56, 18, 42
57, 18, 42
61, 18, 42
62, 18, 42
56, 19, 35
15, 19, 35
0, 19, 42
1, 19, 42
2, 19, 42
3, 19, 42
10, 19, 35
64, 18, 35
18, 19, 42
19, 19, 42
58, 19, 42
59, 19, 42
60, 19, 42
56, 18, 35
14, 18, 35
4, 20, 42
5, 20, 42
11, 18, 35
63, 17, 35
6, 20, 42
20, 20, 42
21, 20, 42
56, 17, 35
13, 17, 35
12, 17, 35
63, 16, 35
22, 20, 42
23, 20, 42
24, 20, 42
7, 21, 42
17, 21, 42
18, 21, 42
56, 16, 35
13, 16, 35
12, 16, 35
63, 15, 35
19, 21, 42
20, 21, 42
24, 21, 42
7, 22, 42
56, 15, 35
13, 15, 35
12, 15, 35
64, 14, 35
16, 22, 42
62, 14, 35
61, 14, 35
21, 22, 42
22, 22, 42
58, 14, 35
23, 22, 42
24, 22, 42
55, 14, 35
13, 14, 35
12, 14, 35
65, 13, 35
8, 23, 42
63, 13, 35
60, 13, 35
59, 13, 35
57, 13, 35
16, 23, 42
8, 24, 42
54, 13, 35
13, 13, 35
12, 13, 35
66, 12, 35
15, 24, 42
64, 12, 35
56, 12, 35
16, 24, 42
9, 25, 42
53, 12, 35
13, 12, 35
12, 12, 35
67, 11, 35
14, 25, 42
65, 11, 35
55, 11, 35
10, 26, 42
13, 26, 42
52, 11, 35
14, 11, 35
14, 26, 42
12, 11, 35
67, 10, 35
66, 10, 35
54, 10, 35
53, 10, 35
14, 10, 35
11, 27, 42
12, 10, 35
14, 9, 35
13, 9, 35
29, 81, 34
28, 81, 34
27, 81, 34
26, 81, 34
25, 81, 34
24, 81, 34
23, 81, 34
31, 80, 34
30, 80, 34
12, 27, 42
10, 28, 42
22, 80, 34
21, 80, 34
20, 80, 34
19, 80, 34
33, 79, 34
32, 79, 34
12, 28, 42
10, 29, 42
19, 79, 34
34, 78, 34
11, 29, 42
10, 30, 42
11, 30, 42
18, 78, 34
35, 77, 34
10, 31, 42
11, 31, 42
18, 77, 34
36, 76, 34
55, 50, 42
53, 51, 42
18, 76, 34
36, 75, 34
54, 51, 42
56, 51, 42
18, 75, 34
37, 74, 34
46, 52, 42
47, 52, 42
18, 74, 34
37, 73, 34
53, 52, 42
56, 52, 42
53, 53, 42
56, 53, 42
53, 54, 42
18, 73, 34
37, 72, 34
54, 54, 42
55, 54, 42
52, 57, 42
53, 57, 42
18, 72, 34
37, 71, 34
54, 57, 42
52, 58, 42
53, 58, 42
54, 58, 42
52, 59, 42
29, 71, 34
28, 71, 34
53, 59, 42
54, 59, 42
51, 60, 42
53, 60, 42
19, 71, 34
37, 70, 34
36, 70, 34
54, 60, 42
52, 61, 42
22, 62, 42
23, 62, 42
31, 70, 34
30, 70, 34
27, 70, 34
26, 70, 34
22, 63, 42
23, 63, 42
24, 63, 42
20, 70, 34
37, 69, 34
36, 69, 34
35, 69, 34
34, 69, 34
33, 69, 34
32, 69, 34
25, 69, 34
22, 64, 42
23, 64, 42
24, 64, 42
20, 69, 34
35, 68, 34
24, 68, 34
22, 65, 42
23, 65, 42
24, 65, 42
20, 68, 34
23, 67, 34
25, 65, 42
21, 67, 34
20, 67, 34
23, 66, 34
22, 66, 34
21, 66, 34
22, 65, 34
55, 53, 34
54, 53, 34
53, 53, 34
55, 52, 34
54, 52, 34
22, 66, 42
52, 52, 34
55, 51, 34
23, 66, 42
25, 66, 42
26, 66, 42
51, 51, 34
54, 50, 34
14, 67, 42
23, 67, 42
51, 50, 34
53, 49, 34
26, 67, 42
51, 49, 34
50, 49, 34
52, 48, 34
51, 48, 34
20, 33, 34
19, 33, 34
21, 32, 34
20, 32, 34
19, 32, 34
18, 32, 34
17, 32, 34
16, 32, 34
15, 32, 34
21, 31, 34
20, 31, 34
19, 31, 34
13, 68, 42
14, 68, 42
23, 68, 42
27, 68, 42
14, 31, 34
13, 31, 34
21, 30, 34
20, 30, 34
12, 69, 42
15, 69, 42
24, 69, 42
12, 30, 34
21, 29, 34
27, 69, 42
12, 70, 42
16, 70, 42
11, 29, 34
21, 28, 34
20, 28, 34
17, 70, 42
24, 70, 42
10, 28, 34
20, 27, 34
28, 70, 42
13, 71, 42
18, 71, 42
19, 71, 42
20, 71, 42
21, 71, 42
24, 71, 42
29, 71, 42
9, 27, 34
53, 26, 34
20, 26, 34
30, 71, 42
31, 71, 42
32, 71, 42
33, 71, 42
34, 71, 42
9, 26, 34
67, 25, 34
66, 25, 34
54, 25, 34
35, 71, 42
52, 25, 34
19, 25, 34
36, 71, 42
37, 71, 42
8, 25, 34
67, 24, 34
38, 71, 42
65, 24, 34
64, 24, 34
54, 24, 34
13, 72, 42
52, 24, 34
19, 24, 34
22, 72, 42
23, 72, 42
34, 72, 42
9, 24, 34
66, 23, 34
35, 72, 42
36, 72, 42
63, 23, 34
55, 23, 34
13, 73, 42
53, 23, 34
18, 23, 34
32, 73, 42
33, 73, 42
14, 74, 42
15, 74, 42
9, 23, 34
65, 22, 34
31, 74, 42
16, 75, 42
62, 22, 34
60, 22, 34
59, 22, 34
56, 22, 34
31, 75, 42
54, 22, 34
17, 22, 34
16, 76, 42
31, 76, 42
17, 77, 42
30, 77, 42
9, 22, 34
64, 21, 34
18, 78, 42
29, 78, 42
61, 21, 34
19, 79, 42
20, 79, 42
58, 21, 34
57, 21, 34
21, 79, 42
55, 21, 34
17, 21, 34
29, 79, 42
22, 80, 42
23, 80, 42
24, 80, 42
29, 80, 42
9, 21, 34
63, 20, 34
25, 81, 42
26, 81, 42
30, 81, 42
27, 82, 42
56, 20, 34
16, 20, 34
15, 20, 34
31, 82, 42
28, 83, 42
32, 83, 42
29, 84, 42
10, 20, 34
63, 19, 34
32, 84, 42
30, 85, 42
33, 85, 42
31, 86, 42
32, 86, 42
33, 86, 42
56, 19, 34
14, 19, 34
34, 86, 42
32, 87, 42
11, 19, 34
63, 18, 34
33, 87, 42
34, 87, 42
35, 87, 42
33, 88, 42
56, 18, 34
13, 18, 34
12, 18, 34
63, 17, 34
34, 88, 42
36, 88, 42
34, 89, 42
35, 89, 42
56, 17, 34
13, 17, 34
12, 17, 34
63, 16, 34
37, 89, 42
36, 90, 42
37, 90, 42
37, 91, 42
12, 10, 43
13, 10, 43
56, 16, 34
13, 16, 34
12, 16, 34
63, 15, 34
57, 10, 43
58, 10, 43
12, 11, 43
13, 11, 43
56, 15, 34
13, 15, 34
12, 15, 34
64, 14, 34
55, 11, 43
62, 14, 34
61, 14, 34
60, 14, 34
59, 14, 34
58, 14, 34
57, 14, 34
56, 11, 43
55, 14, 34
13, 14, 34
12, 14, 34
65, 13, 34
59, 11, 43
63, 13, 34
56, 13, 34
60, 11, 43
54, 13, 34
13, 13, 34
12, 13, 34
66, 12, 34
12, 12, 43
64, 12, 34
55, 12, 34
13, 12, 43
53, 12, 34
13, 12, 34
12, 12, 34
67, 11, 34
55, 12, 43
65, 11, 34
54, 11, 34
61, 12, 43
52, 11, 34
14, 11, 34
11, 13, 43
12, 11, 34
67, 10, 34
66, 10, 34
53, 10, 34
14, 10, 34
13, 10, 34
28, 81, 33
27, 81, 33
26, 81, 33
25, 81, 33
24, 81, 33
23, 81, 33
22, 81, 33
21, 81, 33
31, 80, 33
30, 80, 33
29, 80, 33
14, 13, 43
15, 13, 43
55, 13, 43
62, 13, 43
9, 14, 43
10, 14, 43
16, 14, 43
55, 14, 43
20, 80, 33
33, 79, 33
32, 79, 33
62, 14, 43
8, 15, 43
20, 79, 33
34, 78, 33
17, 15, 43
55, 15, 43
20, 78, 33
19, 78, 33
35, 77, 33
62, 15, 43
0, 16, 43
19, 77, 33
36, 76, 33
8, 16, 43
17, 16, 43
19, 76, 33
37, 75, 33
55, 16, 43
62, 16, 43
19, 75, 33
37, 74, 33
0, 17, 43
1, 17, 43
19, 74, 33
38, 73, 33
2, 17, 43
3, 17, 43
4, 17, 43
5, 17, 43
19, 73, 33
38, 72, 33
6, 17, 43
7, 17, 43
17, 17, 43
56, 17, 43
62, 17, 43
19, 72, 33
38, 71, 33
0, 18, 43
17, 18, 43
29, 71, 33
28, 71, 33
27, 71, 33
57, 18, 43
58, 18, 43
59, 18, 43
20, 71, 33
38, 70, 33
61, 18, 43
1, 19, 43
2, 19, 43
30, 70, 33
26, 70, 33
25, 70, 33
3, 19, 43
4, 19, 43
5, 19, 43
6, 19, 43
20, 70, 33
38, 69, 33
18, 19, 43
19, 19, 43
20, 19, 43
21, 19, 43
22, 19, 43
32, 69, 33
31, 69, 33
24, 69, 33
23, 69, 33
23, 19, 43
21, 69, 33
20, 69, 33
38, 68, 33
37, 68, 33
36, 68, 33
24, 19, 43
34, 68, 33
33, 68, 33
23, 68, 33
22, 68, 33
21, 68, 33
38, 67, 33
37, 67, 33
36, 67, 33
35, 67, 33
22, 67, 33
37, 66, 33
36, 66, 33
53, 52, 33
52, 52, 33
54, 51, 33
60, 19, 43
7, 20, 43
51, 51, 33
54, 50, 33
17, 20, 43
18, 20, 43
50, 50, 33
53, 49, 33
24, 20, 43
7, 21, 43
50, 49, 33
52, 48, 33
51, 48, 33
50, 48, 33
29, 42, 33
30, 41, 33
29, 41, 33
30, 40, 33
29, 40, 33
28, 40, 33
31, 39, 33
30, 39, 33
29, 39, 33
28, 39, 33
31, 38, 33
30, 38, 33
29, 38, 33
28, 38, 33
30, 37, 33
23, 35, 33
22, 35, 33
24, 34, 33
23, 34, 33
22, 34, 33
21, 34, 33
20, 34, 33
19, 34, 33
18, 34, 33
25, 33, 33
24, 33, 33
23, 33, 33
22, 33, 33
21, 33, 33
16, 21, 43
19, 21, 43
18, 33, 33
17, 33, 33
16, 33, 33
24, 32, 33
23, 32, 33
22, 32, 33
20, 21, 43
21, 21, 43
22, 21, 43
23, 21, 43
24, 21, 43
8, 22, 43
15, 32, 33
14, 32, 33
24, 31, 33
23, 31, 33
22, 31, 33
16, 22, 43
8, 23, 43
13, 31, 33
23, 30, 33
22, 30, 33
16, 23, 43
9, 24, 43
12, 30, 33
23, 29, 33
22, 29, 33
15, 24, 43
10, 25, 43
11, 29, 33
22, 28, 33
13, 25, 43
14, 25, 43
11, 26, 43
10, 28, 33
21, 27, 33
12, 26, 43
11, 27, 43
12, 27, 43
10, 28, 43
10, 27, 33
53, 26, 33
52, 26, 33
21, 26, 33
12, 28, 43
10, 29, 43
11, 29, 43
10, 30, 43
11, 30, 43
10, 31, 43
11, 31, 43
10, 32, 43
11, 32, 43
9, 26, 33
67, 25, 33
66, 25, 33
65, 25, 33
54, 25, 33
55, 50, 43
52, 25, 33
20, 25, 33
56, 50, 43
54, 51, 43
57, 51, 43
54, 52, 43
56, 52, 43
54, 53, 43
56, 53, 43
55, 54, 43
9, 25, 33
67, 24, 33
66, 24, 33
51, 59, 43
64, 24, 33
55, 24, 33
52, 59, 43
51, 60, 43
52, 24, 33
19, 24, 33
52, 60, 43
24, 66, 43
12, 67, 43
13, 67, 43
23, 67, 43
24, 67, 43
25, 67, 43
12, 68, 43
9, 24, 33
65, 23, 33
14, 68, 43
63, 23, 33
56, 23, 33
15, 68, 43
24, 68, 43
53, 23, 33
18, 23, 33
25, 68, 43
26, 68, 43
12, 69, 43
16, 69, 43
24, 69, 43
9, 23, 33
65, 22, 33
25, 69, 43
26, 69, 43
62, 22, 33
61, 22, 33
60, 22, 33
59, 22, 33
58, 22, 33
57, 22, 33
27, 69, 43
38, 69, 43
54, 22, 33
17, 22, 33
39, 69, 43
40, 69, 43
41, 69, 43
42, 69, 43
12, 70, 43
9, 22, 33
64, 21, 33
17, 70, 43
18, 70, 43
19, 70, 43
20, 70, 43
24, 70, 43
25, 70, 43
55, 21, 33
16, 21, 33
26, 70, 43
27, 70, 43
28, 70, 43
32, 70, 43
33, 70, 43
10, 21, 33
63, 20, 33
34, 70, 43
35, 70, 43
36, 70, 43
37, 70, 43
38, 70, 43
56, 20, 33
15, 20, 33
14, 20, 33
13, 20, 33
12, 20, 33
11, 20, 33
63, 19, 33
39, 70, 43
40, 70, 43
41, 70, 43
12, 71, 43
21, 71, 43
22, 71, 43
56, 19, 33
13, 19, 33
12, 19, 33
63, 18, 33
23, 71, 43
27, 71, 43
28, 71, 43
29, 71, 43
56, 18, 33
13, 18, 33
12, 18, 33
63, 17, 33
30, 71, 43
31, 71, 43
37, 71, 43
38, 71, 43
13, 72, 43
56, 17, 33
13, 17, 33
12, 17, 33
63, 16, 33
28, 72, 43
29, 72, 43
30, 72, 43
31, 72, 43
33, 72, 43
34, 72, 43
56, 16, 33
13, 16, 33
12, 16, 33
63, 15, 33
35, 72, 43
36, 72, 43
13, 73, 43
14, 73, 43
29, 73, 43
55, 15, 33
13, 15, 33
12, 15, 33
64, 14, 33
30, 73, 43
62, 14, 33
61, 14, 33
60, 14, 33
59, 14, 33
58, 14, 33
57, 14, 33
31, 73, 43
32, 73, 43
54, 14, 33
13, 14, 33
12, 14, 33
65, 13, 33
33, 73, 43
63, 13, 33
56, 13, 33
15, 74, 43
29, 74, 43
53, 13, 33
13, 13, 33
12, 13, 33
66, 12, 33
30, 74, 43
64, 12, 33
55, 12, 33
16, 75, 43
53, 12, 33
13, 12, 33
12, 12, 33
67, 11, 33
29, 75, 43
65, 11, 33
54, 11, 33
53, 11, 33
52, 11, 33
13, 11, 33
12, 11, 33
67, 10, 33
66, 10, 33
24, 83, 32
23, 83, 32
22, 83, 32
25, 82, 32
24, 82, 32
23, 82, 32
22, 82, 32
21, 82, 32
25, 81, 32
30, 75, 43
17, 76, 43
28, 76, 43
21, 81, 32
30, 80, 32
29, 80, 32
28, 80, 32
27, 80, 32
26, 80, 32
29, 76, 43
30, 76, 43
18, 77, 43
21, 80, 32
33, 79, 32
32, 79, 32
31, 79, 32
27, 77, 43
28, 77, 43
29, 77, 43
19, 78, 43
26, 78, 43
27, 78, 43
28, 78, 43
29, 78, 43
20, 79, 43
21, 79, 32
34, 78, 32
25, 79, 43
26, 79, 43
27, 79, 43
21, 78, 32
35, 77, 32
28, 79, 43
21, 80, 43
20, 77, 32
36, 76, 32
22, 80, 43
23, 80, 43
20, 76, 32
37, 75, 32
24, 80, 43
25, 80, 43
20, 75, 32
38, 74, 32
26, 80, 43
27, 80, 43
20, 74, 32
38, 73, 32
28, 80, 43
29, 80, 43
20, 73, 32
39, 72, 32
26, 81, 43
27, 81, 43
28, 81, 43
29, 81, 43
21, 72, 32
20, 72, 32
39, 71, 32
30, 81, 43
27, 82, 43
29, 71, 32
28, 71, 32
27, 71, 32
26, 71, 32
28, 82, 43
30, 82, 43
28, 83, 43
31, 83, 43
21, 71, 32
39, 70, 32
28, 84, 43
32, 84, 43
30, 70, 32
25, 70, 32
24, 70, 32
23, 70, 32
22, 70, 32
21, 70, 32
39, 69, 32
29, 85, 43
33, 85, 43
31, 69, 32
22, 69, 32
39, 68, 32
30, 86, 43
33, 86, 43
31, 87, 43
32, 68, 32
39, 67, 32
34, 87, 43
35, 87, 43
32, 88, 43
35, 88, 43
34, 67, 32
33, 67, 32
39, 66, 32
38, 66, 32
33, 89, 43
36, 89, 43
35, 66, 32
34, 66, 32
39, 65, 32
38, 65, 32
37, 65, 32
36, 65, 32
35, 65, 32
38, 64, 32
37, 64, 32
36, 64, 32
38, 63, 32
37, 63, 32
53, 51, 32
52, 51, 32
51, 51, 32
53, 50, 32
34, 90, 43
35, 90, 43
50, 50, 32
53, 49, 32
37, 90, 43
35, 91, 43
49, 49, 32
52, 48, 32
36, 91, 43
37, 91, 43
49, 48, 32
34, 48, 32
33, 48, 32
32, 48, 32
51, 47, 32
50, 47, 32
49, 47, 32
34, 47, 32
33, 47, 32
32, 47, 32
35, 46, 32
34, 46, 32
33, 46, 32
32, 46, 32
31, 46, 32
30, 46, 32
35, 45, 32
34, 45, 32
33, 45, 32
32, 45, 32
31, 45, 32
30, 45, 32
34, 44, 32
33, 44, 32
32, 44, 32
31, 44, 32
30, 44, 32
29, 44, 32
28, 44, 32
34, 43, 32
33, 43, 32
32, 43, 32
31, 43, 32
30, 43, 32
29, 43, 32
28, 43, 32
34, 42, 32
33, 42, 32
32, 42, 32
31, 42, 32
30, 42, 32
37, 92, 43
28, 42, 32
27, 42, 32
33, 41, 32
32, 41, 32
31, 41, 32
38, 92, 43
55, 10, 44
28, 41, 32
27, 41, 32
26, 41, 32
33, 40, 32
32, 40, 32
31, 40, 32
56, 10, 44
57, 10, 44
58, 10, 44
27, 40, 32
26, 40, 32
32, 39, 32
59, 10, 44
60, 10, 44
12, 11, 44
27, 39, 32
26, 39, 32
32, 38, 32
13, 11, 44
54, 11, 44
61, 11, 44
12, 12, 44
27, 38, 32
26, 38, 32
25, 38, 32
31, 37, 32
14, 12, 44
29, 37, 32
28, 37, 32
27, 37, 32
26, 37, 32
25, 37, 32
24, 37, 32
23, 37, 32
31, 36, 32
30, 36, 32
29, 36, 32
28, 36, 32
27, 36, 32
26, 36, 32
25, 36, 32
24, 36, 32
23, 36, 32
22, 36, 32
21, 36, 32
29, 35, 32
28, 35, 32
27, 35, 32
26, 35, 32
25, 35, 32
24, 35, 32
15, 12, 44
16, 12, 44
21, 35, 32
20, 35, 32
19, 35, 32
18, 35, 32
28, 34, 32
27, 34, 32
26, 34, 32
25, 34, 32
54, 12, 44
61, 12, 44
10, 13, 44
11, 13, 44
16, 13, 44
54, 13, 44
17, 34, 32
16, 34, 32
27, 33, 32
26, 33, 32
62, 13, 44
9, 14, 44
17, 14, 44
54, 14, 44
62, 14, 44
15, 33, 32
26, 32, 32
25, 32, 32
8, 15, 44
18, 15, 44
14, 32, 32
25, 31, 32
54, 15, 44
62, 15, 44
0, 16, 44
13, 31, 32
12, 31, 32
25, 30, 32
24, 30, 32
1, 16, 44
2, 16, 44
12, 30, 32
24, 29, 32
3, 16, 44
4, 16, 44
5, 16, 44
11, 29, 32
23, 28, 32
6, 16, 44
11, 28, 32
22, 27, 32
8, 16, 44
17, 16, 44
10, 27, 32
66, 26, 32
53, 26, 32
52, 26, 32
21, 26, 32
55, 16, 44
62, 16, 44
10, 26, 32
66, 25, 32
65, 25, 32
54, 25, 32
0, 17, 44
52, 25, 32
20, 25, 32
7, 17, 44
17, 17, 44
10, 25, 32
66, 24, 32
56, 17, 44
64, 24, 32
55, 24, 32
61, 17, 44
53, 24, 32
19, 24, 32
0, 18, 44
1, 18, 44
2, 18, 44
3, 18, 44
4, 18, 44
10, 24, 32
9, 24, 32
65, 23, 32
5, 18, 44
63, 23, 32
56, 23, 32
6, 18, 44
54, 23, 32
18, 23, 32
18, 18, 44
19, 18, 44
20, 18, 44
21, 18, 44
22, 18, 44
11, 23, 32
10, 23, 32
64, 22, 32
23, 18, 44
62, 22, 32
61, 22, 32
60, 22, 32
59, 22, 32
58, 22, 32
57, 22, 32
57, 18, 44
55, 22, 32
17, 22, 32
16, 22, 32
58, 18, 44
59, 18, 44
60, 18, 44
12, 22, 32
11, 22, 32
10, 22, 32
63, 21, 32
7, 19, 44
24, 19, 44
8, 20, 44
17, 20, 44
56, 21, 32
15, 21, 32
14, 21, 32
13, 21, 32
12, 21, 32
11, 21, 32
63, 20, 32
18, 20, 44
19, 20, 44
20, 20, 44
21, 20, 44
22, 20, 44
23, 20, 44
24, 20, 44
55, 20, 32
63, 19, 32
8, 21, 44
16, 21, 44
8, 22, 44
16, 22, 44
9, 23, 44
15, 23, 44
55, 19, 32
63, 18, 32
9, 24, 44
10, 24, 44
13, 24, 44
14, 24, 44
55, 18, 32
13, 18, 32
12, 18, 32
63, 17, 32
11, 25, 44
12, 25, 44
11, 26, 44
12, 26, 44
11, 27, 44
12, 27, 44
10, 28, 44
55, 17, 32
13, 17, 32
12, 17, 32
63, 16, 32
12, 28, 44
10, 29, 44
11, 29, 44
10, 30, 44
11, 30, 44
56, 16, 32
13, 16, 32
12, 16, 32
63, 15, 32
10, 31, 44
11, 31, 44
10, 32, 44
11, 32, 44
57, 15, 32
54, 50, 44
55, 15, 32
13, 15, 32
12, 15, 32
64, 14, 32
55, 50, 44
62, 14, 32
61, 14, 32
60, 14, 32
59, 14, 32
58, 14, 32
56, 14, 32
56, 50, 44
54, 14, 32
13, 14, 32
12, 14, 32
65, 13, 32
57, 50, 44
63, 13, 32
55, 13, 32
54, 51, 44
53, 13, 32
13, 13, 32
12, 13, 32
66, 12, 32
57, 51, 44
64, 12, 32
54, 12, 32
54, 52, 44
52, 12, 32
13, 12, 32
12, 12, 32
67, 11, 32
57, 52, 44
65, 11, 32
53, 11, 32
52, 11, 32
13, 11, 32
12, 11, 32
67, 10, 32
66, 10, 32
25, 84, 31
24, 84, 31
23, 84, 31
22, 84, 31
25, 83, 31
54, 53, 44
55, 53, 44
22, 83, 31
26, 82, 31
56, 53, 44
51, 59, 44
22, 82, 31
25, 81, 31
51, 60, 44
12, 67, 44
22, 81, 31
25, 80, 31
24, 80, 31
23, 80, 31
22, 80, 31
32, 79, 31
31, 79, 31
30, 79, 31
29, 79, 31
28, 79, 31
27, 79, 31
26, 79, 31
25, 79, 31
24, 79, 31
23, 79, 31
22, 79, 31
34, 78, 31
33, 78, 31
13, 67, 44
15, 67, 44
12, 68, 44
14, 68, 44
15, 68, 44
39, 68, 44
26, 78, 31
25, 78, 31
24, 78, 31
23, 78, 31
22, 78, 31
35, 77, 31
40, 68, 44
41, 68, 44
42, 68, 44
12, 69, 44
23, 77, 31
22, 77, 31
21, 77, 31
36, 76, 31
16, 69, 44
17, 69, 44
18, 69, 44
21, 76, 31
37, 75, 31
19, 69, 44
36, 69, 44
21, 75, 31
38, 74, 31
37, 69, 44
22, 74, 31
21, 74, 31
38, 73, 31
38, 69, 44
41, 69, 44
42, 69, 44
21, 73, 31
39, 72, 31
43, 69, 44
12, 70, 44
28, 72, 31
27, 72, 31
20, 70, 44
33, 70, 44
34, 70, 44
35, 70, 44
22, 72, 31
39, 71, 31
36, 70, 44
29, 71, 31
26, 71, 31
25, 71, 31
24, 71, 31
23, 71, 31
22, 71, 31
40, 70, 31
37, 70, 44
38, 70, 44
30, 70, 31
40, 69, 31
39, 70, 44
40, 70, 44
31, 69, 31
40, 68, 31
12, 71, 44
21, 71, 44
32, 68, 31
40, 67, 31
22, 71, 44
23, 71, 44
32, 67, 31
40, 66, 31
24, 71, 44
25, 71, 44
33, 66, 31
40, 65, 31
26, 71, 44
32, 71, 44
33, 71, 44
34, 71, 44
34, 65, 31
40, 64, 31
39, 64, 31
35, 71, 44
36, 71, 44
37, 71, 44
35, 64, 31
34, 64, 31
40, 63, 31
39, 63, 31
13, 72, 44
14, 72, 44
36, 63, 31
35, 63, 31
39, 62, 31
38, 62, 31
37, 62, 31
36, 62, 31
35, 62, 31
39, 61, 31
38, 61, 31
37, 61, 31
36, 61, 31
35, 61, 31
39, 60, 31
38, 60, 31
37, 60, 31
36, 60, 31
39, 59, 31
38, 59, 31
37, 59, 31
36, 59, 31
38, 58, 31
37, 58, 31
36, 58, 31
37, 56, 31
36, 56, 31
35, 56, 31
34, 56, 31
39, 55, 31
38, 55, 31
37, 55, 31
36, 55, 31
35, 55, 31
34, 55, 31
39, 54, 31
38, 54, 31
37, 54, 31
36, 54, 31
35, 54, 31
34, 54, 31
38, 53, 31
37, 53, 31
36, 53, 31
35, 53, 31
34, 53, 31
38, 52, 31
37, 52, 31
36, 52, 31
35, 52, 31
34, 52, 31
33, 52, 31
38, 51, 31
37, 51, 31
36, 51, 31
35, 51, 31
34, 51, 31
33, 51, 31
32, 51, 31
52, 50, 31
51, 50, 31
50, 50, 31
38, 50, 31
37, 50, 31
36, 50, 31
35, 50, 31
34, 50, 31
33, 50, 31
32, 50, 31
31, 50, 31
52, 49, 31
25, 72, 44
26, 72, 44
49, 49, 31
37, 49, 31
36, 49, 31
35, 49, 31
34, 49, 31
33, 49, 31
32, 49, 31
31, 49, 31
52, 48, 31
27, 72, 44
32, 72, 44
48, 48, 31
37, 48, 31
36, 48, 31
35, 48, 31
14, 73, 44
15, 73, 44
25, 73, 44
31, 48, 31
30, 48, 31
51, 47, 31
26, 73, 44
27, 73, 44
48, 47, 31
36, 47, 31
35, 47, 31
28, 73, 44
15, 74, 44
16, 74, 44
31, 47, 31
30, 47, 31
29, 47, 31
50, 46, 31
49, 46, 31
48, 46, 31
47, 46, 31
36, 46, 31
17, 74, 44
20, 74, 44
21, 74, 44
22, 74, 44
23, 74, 44
24, 74, 44
29, 46, 31
28, 46, 31
36, 45, 31
25, 74, 44
26, 74, 44
27, 74, 44
28, 74, 44
29, 45, 31
28, 45, 31
36, 44, 31
35, 44, 31
15, 75, 44
16, 75, 44
17, 75, 44
18, 75, 44
27, 44, 31
35, 43, 31
19, 75, 44
20, 75, 44
21, 75, 44
22, 75, 44
27, 43, 31
26, 43, 31
9, 43, 31
8, 43, 31
7, 43, 31
6, 43, 31
5, 43, 31
35, 42, 31
23, 75, 44
24, 75, 44
25, 75, 44
26, 42, 31
25, 42, 31
9, 42, 31
8, 42, 31
7, 42, 31
6, 42, 31
35, 41, 31
34, 41, 31
26, 75, 44
27, 75, 44
25, 41, 31
34, 40, 31
28, 75, 44
17, 76, 44
18, 76, 44
25, 40, 31
24, 40, 31
34, 39, 31
33, 39, 31
19, 76, 44
20, 76, 44
21, 76, 44
25, 39, 31
24, 39, 31
23, 39, 31
33, 38, 31
22, 76, 44
23, 76, 44
24, 76, 44
25, 76, 44
26, 76, 44
24, 38, 31
23, 38, 31
22, 38, 31
33, 37, 31
32, 37, 31
27, 76, 44
17, 77, 44
18, 77, 44
19, 77, 44
20, 77, 44
21, 77, 44
22, 77, 44
23, 77, 44
22, 37, 31
21, 37, 31
32, 36, 31
31, 36, 31
24, 77, 44
25, 77, 44
26, 77, 44
18, 78, 44
19, 78, 44
20, 78, 44
21, 78, 44
20, 36, 31
19, 36, 31
30, 35, 31
22, 78, 44
23, 78, 44
24, 78, 44
25, 78, 44
18, 35, 31
17, 35, 31
29, 34, 31
19, 79, 44
20, 79, 44
21, 79, 44
16, 34, 31
29, 33, 31
28, 33, 31
22, 79, 44
23, 79, 44
15, 33, 31
28, 32, 31
27, 32, 31
24, 79, 44
20, 80, 44
14, 32, 31
13, 32, 31
27, 31, 31
26, 31, 31
21, 80, 44
22, 80, 44
13, 31, 31
26, 30, 31
23, 80, 44
24, 80, 44
29, 82, 44
12, 30, 31
25, 29, 31
30, 82, 44
28, 83, 44
29, 83, 44
11, 29, 31
24, 28, 31
23, 28, 31
30, 83, 44
31, 83, 44
11, 28, 31
22, 27, 31
28, 84, 44
29, 84, 44
11, 27, 31
66, 26, 31
65, 26, 31
53, 26, 31
52, 26, 31
21, 26, 31
30, 84, 44
11, 26, 31
66, 25, 31
31, 84, 44
64, 25, 31
54, 25, 31
29, 85, 44
52, 25, 31
20, 25, 31
30, 85, 44
31, 85, 44
11, 25, 31
66, 24, 31
32, 85, 44
30, 86, 44
63, 24, 31
55, 24, 31
33, 86, 44
53, 24, 31
19, 24, 31
30, 87, 44
34, 87, 44
31, 88, 44
35, 88, 44
11, 24, 31
65, 23, 31
32, 89, 44
35, 89, 44
62, 23, 31
56, 23, 31
33, 90, 44
54, 23, 31
18, 23, 31
17, 23, 31
36, 90, 44
34, 91, 44
37, 91, 44
35, 92, 44
12, 23, 31
64, 22, 31
36, 92, 44
38, 92, 44
61, 22, 31
60, 22, 31
59, 22, 31
58, 22, 31
57, 22, 31
36, 93, 44
55, 22, 31
16, 22, 31
15, 22, 31
14, 22, 31
13, 22, 31
63, 21, 31
37, 93, 44
38, 93, 44
38, 94, 44
56, 9, 45
54, 10, 45
55, 10, 45
55, 21, 31
63, 20, 31
57, 10, 45
58, 10, 45
59, 10, 45
60, 10, 45
13, 11, 45
14, 11, 45
15, 11, 45
55, 20, 31
63, 19, 31
53, 11, 45
61, 11, 45
11, 12, 45
12, 12, 45
55, 19, 31
63, 18, 31
16, 12, 45
17, 12, 45
53, 12, 45
61, 12, 45
55, 18, 31
63, 17, 31
10, 13, 45
17, 13, 45
18, 13, 45
53, 13, 45
62, 13, 45
9, 14, 45
18, 14, 45
55, 17, 31
63, 16, 31
53, 14, 45
62, 14, 45
0, 15, 45
1, 15, 45
2, 15, 45
56, 16, 31
13, 16, 31
12, 16, 31
64, 15, 31
3, 15, 45
8, 15, 45
61, 15, 31
60, 15, 31
18, 15, 45
58, 15, 31
57, 15, 31
54, 15, 45
55, 15, 31
13, 15, 31
12, 15, 31
65, 14, 31
62, 15, 45
0, 16, 45
62, 14, 31
59, 14, 31
56, 14, 31
4, 16, 45
54, 14, 31
13, 14, 31
12, 14, 31
66, 13, 31
5, 16, 45
6, 16, 45
63, 13, 31
55, 13, 31
7, 16, 45
53, 13, 31
13, 13, 31
12, 13, 31
66, 12, 31
18, 16, 45
64, 12, 31
54, 12, 31
55, 16, 45
52, 12, 31
13, 12, 31
12, 12, 31
67, 11, 31
61, 16, 45
65, 11, 31
53, 11, 31
52, 11, 31
67, 10, 31
66, 10, 31
25, 86, 30
24, 86, 30
23, 86, 30
22, 86, 30
26, 85, 30
25, 85, 30
24, 85, 30
23, 85, 30
22, 85, 30
26, 84, 30
0, 17, 45
1, 17, 45
2, 17, 45
22, 84, 30
26, 83, 30
3, 17, 45
4, 17, 45
18, 17, 45
22, 83, 30
26, 82, 30
25, 82, 30
24, 82, 30
19, 17, 45
22, 82, 30
25, 81, 30
24, 81, 30
23, 81, 30
22, 81, 30
32, 78, 30
31, 78, 30
30, 78, 30
29, 78, 30
28, 78, 30
27, 78, 30
35, 77, 30
34, 77, 30
33, 77, 30
20, 17, 45
21, 17, 45
56, 17, 45
57, 17, 45
28, 77, 30
27, 77, 30
26, 77, 30
25, 77, 30
24, 77, 30
36, 76, 30
60, 17, 45
61, 17, 45
5, 18, 45
27, 76, 30
26, 76, 30
25, 76, 30
24, 76, 30
23, 76, 30
22, 76, 30
37, 75, 30
6, 18, 45
7, 18, 45
27, 75, 30
26, 75, 30
25, 75, 30
24, 75, 30
23, 75, 30
22, 75, 30
38, 74, 30
22, 18, 45
23, 18, 45
27, 74, 30
26, 74, 30
24, 18, 45
58, 18, 45
23, 74, 30
38, 73, 30
59, 18, 45
8, 19, 45
27, 73, 30
18, 19, 45
19, 19, 45
20, 19, 45
21, 19, 45
22, 73, 30
39, 72, 30
24, 19, 45
8, 20, 45
28, 72, 30
26, 72, 30
25, 72, 30
17, 20, 45
23, 72, 30
39, 71, 30
22, 20, 45
29, 71, 30
24, 71, 30
23, 71, 30
40, 70, 30
23, 20, 45
30, 70, 30
23, 70, 30
40, 69, 30
24, 20, 45
8, 21, 45
30, 69, 30
40, 68, 30
16, 21, 45
31, 68, 30
41, 67, 30
8, 22, 45
16, 22, 45
32, 67, 30
41, 66, 30
9, 23, 45
33, 66, 30
41, 65, 30
14, 23, 45
15, 23, 45
33, 65, 30
41, 64, 30
10, 24, 45
13, 24, 45
11, 25, 45
33, 64, 30
41, 63, 30
12, 25, 45
11, 26, 45
34, 63, 30
41, 62, 30
40, 62, 30
12, 26, 45
11, 27, 45
34, 62, 30
41, 61, 30
40, 61, 30
12, 27, 45
10, 28, 45
34, 61, 30
40, 60, 30
12, 28, 45
35, 60, 30
34, 60, 30
40, 59, 30
10, 29, 45
35, 59, 30
34, 59, 30
40, 58, 30
39, 58, 30
11, 29, 45
10, 30, 45
11, 30, 45
35, 58, 30
34, 58, 30
40, 57, 30
39, 57, 30
38, 57, 30
37, 57, 30
36, 57, 30
35, 57, 30
34, 57, 30
39, 56, 30
38, 56, 30
10, 31, 45
11, 31, 45
10, 32, 45
11, 32, 45
33, 56, 30
40, 55, 30
54, 50, 45
55, 50, 45
56, 50, 45
57, 50, 45
54, 51, 45
57, 51, 45
33, 55, 30
32, 55, 30
40, 54, 30
54, 52, 45
57, 52, 45
55, 53, 45
56, 53, 45
13, 68, 45
14, 68, 45
33, 54, 30
32, 54, 30
39, 53, 30
39, 68, 45
40, 68, 45
33, 53, 30
32, 53, 30
31, 53, 30
39, 52, 30
41, 68, 45
42, 68, 45
32, 52, 30
31, 52, 30
39, 51, 30
13, 69, 45
14, 69, 45
15, 69, 45
31, 51, 30
30, 51, 30
39, 50, 30
16, 69, 45
38, 69, 45
39, 69, 45
40, 69, 45
30, 50, 30
51, 49, 30
50, 49, 30
49, 49, 30
40, 49, 30
39, 49, 30
38, 49, 30
41, 69, 45
13, 70, 45
30, 49, 30
29, 49, 30
51, 48, 30
14, 70, 45
15, 70, 45
48, 48, 30
47, 48, 30
46, 48, 30
45, 48, 30
44, 48, 30
43, 48, 30
42, 48, 30
41, 48, 30
40, 48, 30
39, 48, 30
38, 48, 30
16, 70, 45
17, 70, 45
18, 70, 45
19, 70, 45
29, 48, 30
51, 47, 30
13, 71, 45
14, 71, 45
15, 71, 45
47, 47, 30
46, 47, 30
45, 47, 30
44, 47, 30
43, 47, 30
42, 47, 30
41, 47, 30
40, 47, 30
39, 47, 30
38, 47, 30
37, 47, 30
16, 71, 45
17, 71, 45
18, 71, 45
28, 47, 30
50, 46, 30
49, 46, 30
48, 46, 30
47, 46, 30
46, 46, 30
45, 46, 30
44, 46, 30
41, 46, 30
40, 46, 30
39, 46, 30
38, 46, 30
37, 46, 30
19, 71, 45
20, 71, 45
28, 46, 30
39, 45, 30
38, 45, 30
37, 45, 30
21, 71, 45
22, 71, 45
27, 45, 30
37, 44, 30
23, 71, 45
15, 72, 45
26, 44, 30
9, 44, 30
8, 44, 30
36, 43, 30
16, 72, 45
17, 72, 45
26, 43, 30
10, 43, 30
18, 72, 45
19, 72, 45
7, 43, 30
6, 43, 30
36, 42, 30
20, 72, 45
21, 72, 45
25, 42, 30
10, 42, 30
22, 72, 45
23, 72, 45
7, 42, 30
36, 41, 30
24, 72, 45
16, 73, 45
17, 73, 45
25, 41, 30
9, 41, 30
8, 41, 30
35, 40, 30
18, 73, 45
19, 73, 45
24, 40, 30
35, 39, 30
20, 73, 45
21, 73, 45
22, 73, 45
23, 73, 45
24, 73, 45
23, 39, 30
34, 38, 30
18, 74, 45
19, 74, 45
30, 86, 45
31, 86, 45
22, 38, 30
21, 38, 30
33, 37, 30
32, 86, 45
30, 87, 45
31, 87, 45
32, 87, 45
33, 87, 45
31, 88, 45
20, 37, 30
33, 36, 30
32, 88, 45
33, 88, 45
34, 88, 45
31, 89, 45
35, 89, 45
32, 90, 45
35, 90, 45
33, 91, 45
36, 91, 45
19, 36, 30
32, 35, 30
31, 35, 30
34, 92, 45
37, 92, 45
35, 93, 45
18, 35, 30
17, 35, 30
30, 34, 30
38, 93, 45
36, 94, 45
16, 34, 30
29, 33, 30
37, 94, 45
38, 94, 45
15, 33, 30
28, 32, 30
37, 95, 45
38, 95, 45
14, 32, 30
27, 31, 30
39, 95, 45
38, 96, 45
13, 31, 30
26, 30, 30
39, 96, 45
54, 9, 46
12, 30, 30
25, 29, 30
55, 9, 46
12, 29, 30
24, 28, 30
56, 9, 46
12, 28, 30
23, 27, 30
57, 9, 46
58, 9, 46
53, 10, 46
11, 27, 30
66, 26, 30
65, 26, 30
22, 26, 30
21, 26, 30
59, 10, 46
60, 10, 46
12, 11, 46
11, 26, 30
66, 25, 30
13, 11, 46
64, 25, 30
54, 25, 30
53, 25, 30
20, 25, 30
14, 11, 46
15, 11, 46
16, 11, 46
17, 11, 46
12, 25, 30
65, 24, 30
52, 11, 46
63, 24, 30
55, 24, 30
61, 11, 46
53, 24, 30
19, 24, 30
18, 24, 30
11, 12, 46
18, 12, 46
52, 12, 46
61, 12, 46
13, 24, 30
12, 24, 30
64, 23, 30
10, 13, 46
62, 23, 30
59, 23, 30
56, 23, 30
18, 13, 46
54, 23, 30
17, 23, 30
16, 23, 30
15, 23, 30
14, 23, 30
13, 23, 30
63, 22, 30
52, 13, 46
61, 22, 30
60, 22, 30
61, 13, 46
58, 22, 30
57, 22, 30
9, 14, 46
55, 22, 30
62, 21, 30
18, 14, 46
53, 14, 46
62, 14, 46
0, 15, 46
1, 15, 46
55, 21, 30
63, 20, 30
2, 15, 46
3, 15, 46
4, 15, 46
5, 15, 46
6, 15, 46
7, 15, 46
55, 20, 30
63, 19, 30
8, 15, 46
18, 15, 46
53, 15, 46
55, 19, 30
63, 18, 30
61, 15, 46
0, 16, 46
1, 16, 46
19, 16, 46
54, 16, 46
55, 16, 46
55, 18, 30
63, 17, 30
61, 16, 46
2, 17, 46
3, 17, 46
4, 17, 46
5, 17, 46
6, 17, 46
7, 17, 46
55, 17, 30
63, 16, 30
20, 17, 46
21, 17, 46
22, 17, 46
23, 17, 46
55, 16, 30
64, 15, 30
24, 17, 46
62, 15, 30
61, 15, 30
60, 15, 30
59, 15, 30
58, 15, 30
57, 15, 30
56, 15, 30
56, 17, 46
54, 15, 30
65, 14, 30
57, 17, 46
63, 14, 30
55, 14, 30
58, 17, 46
53, 14, 30
13, 14, 30
66, 13, 30
59, 17, 46
64, 13, 30
55, 13, 30
54, 13, 30
60, 17, 46
52, 13, 30
13, 13, 30
67, 12, 30
8, 18, 46
18, 18, 46
64, 12, 30
53, 12, 30
52, 12, 30
67, 11, 30
66, 11, 30
65, 11, 30
53, 11, 30
24, 88, 29
26, 87, 29
25, 87, 29
24, 87, 29
23, 87, 29
22, 87, 29
26, 86, 29
19, 18, 46
24, 18, 46
8, 19, 46
22, 86, 29
26, 85, 29
17, 19, 46
20, 19, 46
21, 19, 46
22, 85, 29
26, 84, 29
25, 84, 29
22, 19, 46
23, 19, 46
22, 84, 29
26, 83, 29
25, 83, 29
24, 83, 29
23, 83, 29
23, 82, 29
34, 77, 29
33, 77, 29
32, 77, 29
31, 77, 29
30, 77, 29
29, 77, 29
36, 76, 29
35, 76, 29
24, 19, 46
8, 20, 46
17, 20, 46
8, 21, 46
16, 21, 46
29, 76, 29
28, 76, 29
37, 75, 29
9, 22, 46
15, 22, 46
10, 23, 46
13, 23, 46
28, 75, 29
38, 74, 29
14, 23, 46
11, 24, 46
12, 24, 46
28, 74, 29
25, 74, 29
24, 74, 29
38, 73, 29
11, 25, 46
12, 25, 46
28, 73, 29
26, 73, 29
11, 26, 46
12, 26, 46
23, 73, 29
39, 72, 29
11, 27, 46
12, 27, 46
29, 72, 29
26, 72, 29
10, 28, 46
11, 28, 46
23, 72, 29
39, 71, 29
30, 71, 29
25, 71, 29
10, 29, 46
23, 71, 29
40, 70, 29
11, 29, 46
10, 30, 46
30, 70, 29
24, 70, 29
23, 70, 29
40, 69, 29
11, 30, 46
31, 69, 29
40, 68, 29
10, 31, 46
31, 68, 29
41, 67, 29
11, 31, 46
32, 67, 29
41, 66, 29
55, 50, 46
32, 66, 29
41, 65, 29
33, 65, 29
41, 64, 29
56, 50, 46
33, 64, 29
41, 63, 29
54, 51, 46
33, 63, 29
41, 62, 29
34, 62, 29
41, 61, 29
56, 51, 46
33, 61, 29
41, 60, 29
54, 52, 46
55, 52, 46
33, 60, 29
41, 59, 29
56, 52, 46
31, 89, 46
33, 59, 29
41, 58, 29
32, 89, 46
33, 89, 46
34, 89, 46
32, 90, 46
33, 90, 46
33, 58, 29
40, 57, 29
34, 90, 46
35, 90, 46
32, 91, 46
35, 91, 46
33, 92, 46
36, 92, 46
33, 57, 29
40, 56, 29
34, 93, 46
37, 93, 46
34, 94, 46
35, 94, 46
38, 94, 46
32, 56, 29
40, 55, 29
36, 95, 46
39, 95, 46
36, 96, 46
37, 96, 46
31, 55, 29
41, 54, 29
39, 96, 46
38, 97, 46
39, 97, 46
31, 54, 29
41, 53, 29
40, 53, 29
39, 98, 46
54, 8, 47
31, 53, 29
40, 52, 29
55, 8, 47
52, 9, 47
30, 52, 29
40, 51, 29
53, 9, 47
56, 9, 47
57, 9, 47
29, 51, 29
40, 50, 29
58, 9, 47
14, 10, 47
15, 10, 47
52, 10, 47
59, 10, 47
29, 50, 29
41, 49, 29
60, 10, 47
12, 11, 47
13, 11, 47
16, 11, 47
17, 11, 47
29, 49, 29
50, 48, 29
49, 48, 29
48, 48, 29
47, 48, 29
46, 48, 29
45, 48, 29
44, 48, 29
43, 48, 29
42, 48, 29
18, 11, 47
51, 11, 47
60, 11, 47
10, 12, 47
11, 12, 47
19, 12, 47
28, 48, 29
50, 47, 29
51, 12, 47
61, 12, 47
10, 13, 47
19, 13, 47
52, 13, 47
61, 13, 47
9, 14, 47
19, 14, 47
52, 14, 47
61, 14, 47
2, 15, 47
3, 15, 47
4, 15, 47
28, 47, 29
50, 46, 29
49, 46, 29
48, 46, 29
47, 46, 29
46, 46, 29
45, 46, 29
44, 46, 29
43, 46, 29
42, 46, 29
41, 46, 29
5, 15, 47
6, 15, 47
7, 15, 47
8, 15, 47
19, 15, 47
27, 46, 29
40, 45, 29
39, 45, 29
38, 45, 29
53, 15, 47
61, 15, 47
27, 45, 29
37, 44, 29
2, 16, 47
26, 44, 29
10, 44, 29
9, 44, 29
8, 44, 29
7, 44, 29
37, 43, 29
3, 16, 47
4, 16, 47
25, 43, 29
10, 43, 29
5, 16, 47
7, 43, 29
36, 42, 29
25, 42, 29
10, 42, 29
6, 16, 47
7, 16, 47
7, 42, 29
36, 41, 29
19, 16, 47
54, 16, 47
24, 41, 29
9, 41, 29
8, 41, 29
35, 40, 29
55, 16, 47
60, 16, 47
61, 16, 47
23, 40, 29
35, 39, 29
8, 17, 47
20, 17, 47
21, 17, 47
22, 17, 47
22, 39, 29
34, 38, 29
56, 17, 47
57, 17, 47
58, 17, 47
21, 38, 29
34, 37, 29
59, 17, 47
8, 18, 47
19, 18, 47
20, 18, 47
20, 37, 29
33, 36, 29
21, 18, 47
22, 18, 47
23, 18, 47
8, 19, 47
18, 19, 47
8, 20, 47
19, 36, 29
18, 36, 29
32, 35, 29
17, 20, 47
9, 21, 47
15, 21, 47
16, 21, 47
10, 22, 47
13, 22, 47
14, 22, 47
11, 23, 47
12, 23, 47
17, 35, 29
31, 34, 29
11, 24, 47
12, 24, 47
16, 34, 29
30, 33, 29
11, 25, 47
12, 25, 47
15, 33, 29
29, 32, 29
11, 26, 47
12, 26, 47
14, 32, 29
28, 31, 29
11, 27, 47
12, 27, 47
10, 28, 47
11, 28, 47
13, 31, 29
27, 30, 29
26, 30, 29
10, 29, 47
11, 29, 47
13, 30, 29
25, 29, 29
10, 30, 47
11, 30, 47
12, 29, 29
24, 28, 29
11, 31, 47
54, 51, 47
12, 28, 29
23, 27, 29
22, 27, 29
55, 51, 47
56, 51, 47
12, 27, 29
66, 26, 29
65, 26, 29
21, 26, 29
54, 52, 47
55, 52, 47
33, 91, 47
13, 26, 29
12, 26, 29
66, 25, 29
65, 25, 29
64, 25, 29
20, 25, 29
19, 25, 29
34, 91, 47
33, 92, 47
34, 92, 47
35, 92, 47
34, 93, 47
13, 25, 29
65, 24, 29
64, 24, 29
63, 24, 29
62, 24, 29
55, 24, 29
54, 24, 29
18, 24, 29
17, 24, 29
16, 24, 29
15, 24, 29
14, 24, 29
64, 23, 29
35, 93, 47
62, 23, 29
59, 23, 29
58, 23, 29
57, 23, 29
56, 23, 29
55, 23, 29
54, 23, 29
63, 22, 29
36, 93, 47
61, 22, 29
60, 22, 29
34, 94, 47
36, 94, 47
37, 94, 47
35, 95, 47
55, 22, 29
62, 21, 29
38, 95, 47
35, 96, 47
38, 96, 47
36, 97, 47
37, 97, 47
55, 21, 29
62, 20, 29
39, 97, 47
37, 98, 47
38, 98, 47
40, 98, 47
38, 99, 47
39, 99, 47
54, 20, 29
62, 19, 29
40, 99, 47
40, 100, 47
53, 8, 48
54, 19, 29
62, 18, 29
54, 8, 48
55, 8, 48
56, 8, 48
57, 8, 48
51, 9, 48
52, 9, 48
54, 18, 29
62, 17, 29
58, 9, 48
14, 10, 48
15, 10, 48
16, 10, 48
17, 10, 48
55, 17, 29
63, 16, 29
18, 10, 48
50, 10, 48
51, 10, 48
59, 10, 48
11, 11, 48
55, 16, 29
64, 15, 29
12, 11, 48
62, 15, 29
61, 15, 29
60, 15, 29
59, 15, 29
58, 15, 29
57, 15, 29
56, 15, 29
13, 11, 48
54, 15, 29
65, 14, 29
19, 11, 48
63, 14, 29
55, 14, 29
50, 11, 48
53, 14, 29
66, 13, 29
60, 11, 48
64, 13, 29
54, 13, 29
11, 12, 48
52, 13, 29
67, 12, 29
20, 12, 48
65, 12, 29
53, 12, 29
52, 12, 29
67, 11, 29
66, 11, 29
25, 89, 28
24, 89, 28
23, 89, 28
27, 88, 28
26, 88, 28
25, 88, 28
50, 12, 48
23, 88, 28
22, 88, 28
27, 87, 28
60, 12, 48
10, 13, 48
20, 13, 48
51, 13, 48
22, 87, 28
27, 86, 28
61, 13, 48
9, 14, 48
20, 14, 48
23, 86, 28
27, 85, 28
26, 85, 28
25, 85, 28
24, 85, 28
23, 85, 28
24, 84, 28
23, 84, 28
34, 76, 28
33, 76, 28
32, 76, 28
31, 76, 28
30, 76, 28
36, 75, 28
35, 75, 28
52, 14, 48
60, 14, 48
8, 15, 48
31, 75, 28
30, 75, 28
29, 75, 28
37, 74, 28
20, 15, 48
53, 15, 48
60, 15, 48
7, 16, 48
30, 74, 28
29, 74, 28
38, 73, 28
8, 16, 48
19, 16, 48
30, 73, 28
29, 73, 28
25, 73, 28
24, 73, 28
39, 72, 28
54, 16, 48
55, 16, 48
30, 72, 28
26, 72, 28
56, 16, 48
59, 16, 48
23, 72, 28
39, 71, 28
9, 17, 48
19, 17, 48
30, 71, 28
26, 71, 28
57, 17, 48
58, 17, 48
23, 71, 28
40, 70, 28
9, 18, 48
31, 70, 28
25, 70, 28
24, 70, 28
23, 70, 28
40, 69, 28
18, 18, 48
31, 69, 28
23, 69, 28
40, 68, 28
32, 68, 28
41, 67, 28
9, 19, 48
32, 67, 28
41, 66, 28
18, 19, 48
32, 66, 28
41, 65, 28
33, 65, 28
41, 64, 28
33, 64, 28
42, 63, 28
9, 20, 48
33, 63, 28
42, 62, 28
17, 20, 48
10, 21, 48
33, 62, 28
41, 61, 28
33, 61, 28
41, 60, 28
33, 60, 28
41, 59, 28
15, 21, 48
16, 21, 48
33, 59, 28
41, 58, 28
11, 22, 48
13, 22, 48
14, 22, 48
11, 23, 48
12, 23, 48
33, 58, 28
41, 57, 28
11, 24, 48
12, 24, 48
11, 25, 48
12, 25, 48
11, 26, 48
12, 26, 48
11, 27, 48
32, 57, 28
40, 56, 28
12, 27, 48
10, 28, 48
11, 28, 48
31, 56, 28
41, 55, 28
10, 29, 48
11, 29, 48
10, 30, 48
31, 55, 28
41, 54, 28
11, 30, 48
31, 54, 28
41, 53, 28
34, 94, 48
35, 94, 48
30, 53, 28
29, 53, 28
28, 53, 28
40, 52, 28
35, 95, 48
36, 95, 48
29, 52, 28
28, 52, 28
27, 52, 28
40, 51, 28
37, 95, 48
35, 96, 48
36, 96, 48
37, 96, 48
28, 51, 28
27, 51, 28
40, 50, 28
38, 96, 48
36, 97, 48
38, 97, 48
39, 97, 48
28, 50, 28
27, 50, 28
41, 49, 28
36, 98, 48
39, 98, 48
37, 99, 48
40, 99, 48
38, 100, 48
28, 49, 28
48, 48, 28
47, 48, 28
46, 48, 28
45, 48, 28
44, 48, 28
43, 48, 28
42, 48, 28
39, 100, 48
41, 100, 48
40, 101, 48
41, 101, 48
41, 102, 48
42, 0, 49
43, 0, 49
28, 48, 28
49, 47, 28
48, 47, 28
47, 47, 28
46, 47, 28
45, 47, 28
44, 47, 28
42, 1, 49
43, 1, 49
53, 7, 49
50, 8, 49
51, 8, 49
52, 8, 49
54, 8, 49
55, 8, 49
27, 47, 28
49, 46, 28
48, 46, 28
47, 46, 28
46, 46, 28
45, 46, 28
44, 46, 28
43, 46, 28
42, 46, 28
56, 8, 49
57, 8, 49
15, 9, 49
16, 9, 49
17, 9, 49
18, 9, 49
49, 9, 49
27, 46, 28
41, 45, 28
40, 45, 28
39, 45, 28
38, 45, 28
50, 9, 49
58, 9, 49
26, 45, 28
10, 45, 28
9, 45, 28
8, 45, 28
37, 44, 28
14, 10, 49
19, 10, 49
25, 44, 28
10, 44, 28
20, 10, 49
49, 10, 49
7, 44, 28
37, 43, 28
59, 10, 49
11, 11, 49
25, 43, 28
10, 43, 28
12, 11, 49
13, 11, 49
7, 43, 28
37, 42, 28
20, 11, 49
21, 11, 49
24, 42, 28
9, 42, 28
8, 42, 28
7, 42, 28
36, 41, 28
49, 11, 49
59, 11, 49
24, 41, 28
36, 40, 28
11, 12, 49
21, 12, 49
23, 40, 28
35, 39, 28
50, 12, 49
60, 12, 49
10, 13, 49
21, 13, 49
22, 39, 28
35, 38, 28
50, 13, 49
60, 13, 49
10, 14, 49
21, 14, 49
51, 14, 49
21, 38, 28
34, 37, 28
60, 14, 49
9, 15, 49
20, 15, 49
20, 37, 28
33, 36, 28
52, 15, 49
53, 15, 49
59, 15, 49
19, 36, 28
33, 35, 28
32, 35, 28
9, 16, 49
20, 16, 49
54, 16, 49
55, 16, 49
56, 16, 49
57, 16, 49
58, 16, 49
9, 17, 49
18, 35, 28
17, 35, 28
31, 34, 28
19, 17, 49
9, 18, 49
18, 18, 49
16, 34, 28
30, 33, 28
9, 19, 49
10, 19, 49
16, 33, 28
29, 32, 28
18, 19, 49
10, 20, 49
15, 32, 28
28, 31, 28
16, 20, 49
17, 20, 49
14, 31, 28
27, 30, 28
26, 30, 28
11, 21, 49
13, 21, 49
14, 30, 28
25, 29, 28
14, 21, 49
15, 21, 49
14, 29, 28
13, 29, 28
24, 28, 28
11, 22, 49
12, 22, 49
11, 23, 49
12, 23, 49
13, 28, 28
23, 27, 28
22, 27, 28
11, 24, 49
12, 24, 49
11, 25, 49
12, 25, 49
11, 26, 49
14, 27, 28
13, 27, 28
21, 26, 28
20, 26, 28
19, 26, 28
12, 26, 49
11, 27, 49
12, 27, 49
15, 26, 28
14, 26, 28
19, 25, 28
18, 25, 28
17, 25, 28
16, 25, 28
15, 25, 28
14, 25, 28
63, 24, 28
62, 24, 28
64, 23, 28
63, 23, 28
62, 23, 28
61, 23, 28
59, 23, 28
58, 23, 28
57, 23, 28
56, 23, 28
63, 22, 28
62, 22, 28
10, 28, 49
60, 22, 28
11, 28, 49
10, 29, 49
11, 29, 49
55, 22, 28
62, 21, 28
36, 97, 49
37, 97, 49
36, 98, 49
37, 98, 49
38, 98, 49
37, 99, 49
38, 99, 49
54, 21, 28
62, 20, 28
39, 99, 49
38, 100, 49
39, 100, 49
40, 100, 49
39, 101, 49
40, 101, 49
54, 20, 28
62, 19, 28
40, 102, 49
41, 102, 49
38, 0, 50
54, 19, 28
62, 18, 28
39, 0, 50
40, 0, 50
41, 0, 50
42, 0, 50
43, 0, 50
44, 0, 50
37, 1, 50
54, 18, 28
62, 17, 28
38, 1, 50
39, 1, 50
40, 1, 50
41, 1, 50
44, 1, 50
41, 2, 50
54, 17, 28
63, 16, 28
42, 2, 50
61, 16, 28
43, 2, 50
44, 2, 50
50, 7, 50
51, 7, 50
52, 7, 50
54, 16, 28
64, 15, 28
53, 7, 50
62, 15, 28
60, 15, 28
59, 15, 28
58, 15, 28
57, 15, 28
56, 15, 28
54, 7, 50
48, 8, 50
53, 15, 28
65, 14, 28
49, 8, 50
63, 14, 28
55, 14, 28
55, 8, 50
56, 8, 50
52, 14, 28
66, 13, 28
57, 8, 50
64, 13, 28
54, 13, 28
15, 9, 50
52, 13, 28
67, 12, 28
16, 9, 50
65, 12, 28
53, 12, 28
52, 12, 28
66, 11, 28
25, 91, 27
24, 91, 27
23, 91, 27
26, 90, 27
25, 90, 27
24, 90, 27
23, 90, 27
28, 89, 27
27, 89, 27
26, 89, 27
17, 9, 50
18, 9, 50
23, 89, 27
28, 88, 27
19, 9, 50
20, 9, 50
21, 9, 50
48, 9, 50
23, 88, 27
28, 87, 27
27, 87, 27
26, 87, 27
25, 87, 27
24, 87, 27
23, 87, 27
27, 86, 27
26, 86, 27
25, 86, 27
24, 86, 27
35, 75, 27
34, 75, 27
33, 75, 27
32, 75, 27
36, 74, 27
35, 74, 27
34, 74, 27
33, 74, 27
32, 74, 27
31, 74, 27
37, 73, 27
36, 73, 27
58, 9, 50
13, 10, 50
14, 10, 50
21, 10, 50
31, 73, 27
38, 72, 27
22, 10, 50
48, 10, 50
59, 10, 50
31, 72, 27
25, 72, 27
24, 72, 27
39, 71, 27
12, 11, 50
22, 11, 50
31, 71, 27
26, 71, 27
48, 11, 50
24, 71, 27
39, 70, 27
59, 11, 50
31, 70, 27
25, 70, 27
11, 12, 50
23, 70, 27
40, 69, 27
22, 12, 50
49, 12, 50
31, 69, 27
24, 69, 27
23, 69, 27
40, 68, 27
32, 68, 27
41, 67, 27
59, 12, 50
32, 67, 27
41, 66, 27
10, 13, 50
32, 66, 27
41, 65, 27
33, 65, 27
41, 64, 27
33, 64, 27
42, 63, 27
22, 13, 50
33, 63, 27
42, 62, 27
50, 13, 50
33, 62, 27
42, 61, 27
59, 13, 50
33, 61, 27
42, 60, 27
10, 14, 50
22, 14, 50
33, 60, 27
42, 59, 27
43, 14, 50
44, 14, 50
51, 14, 50
59, 14, 50
10, 15, 50
21, 15, 50
32, 59, 27
41, 58, 27
38, 15, 50
39, 15, 50
40, 15, 50
41, 15, 50
42, 15, 50
43, 15, 50
32, 58, 27
41, 57, 27
44, 15, 50
52, 15, 50
53, 15, 50
54, 15, 50
32, 57, 27
41, 56, 27
58, 15, 50
10, 16, 50
20, 16, 50
31, 56, 27
41, 55, 27
39, 16, 50
40, 16, 50
31, 55, 27
41, 54, 27
41, 16, 50
42, 16, 50
30, 54, 27
41, 53, 27
43, 16, 50
55, 16, 50
56, 16, 50
57, 16, 50
29, 53, 27
28, 53, 27
27, 53, 27
41, 52, 27
10, 17, 50
19, 17, 50
10, 18, 50
18, 18, 50
19, 18, 50
27, 52, 27
40, 51, 27
11, 19, 50
17, 19, 50
11, 20, 50
12, 20, 50
27, 51, 27
40, 50, 27
13, 20, 50
14, 20, 50
15, 20, 50
27, 50, 27
41, 49, 27
16, 20, 50
11, 21, 50
12, 21, 50
11, 22, 50
12, 22, 50
11, 23, 50
27, 49, 27
43, 48, 27
42, 48, 27
12, 23, 50
11, 24, 50
12, 24, 50
11, 25, 50
12, 25, 50
11, 26, 50
28, 48, 27
43, 47, 27
42, 47, 27
12, 26, 50
11, 27, 50
12, 27, 50
10, 28, 50
27, 47, 27
41, 46, 27
11, 28, 50
11, 29, 50
34, 0, 51
35, 0, 51
36, 0, 51
27, 46, 27
8, 46, 27
40, 45, 27
39, 45, 27
37, 0, 51
38, 0, 51
39, 0, 51
26, 45, 27
10, 45, 27
9, 45, 27
8, 45, 27
38, 44, 27
40, 0, 51
41, 0, 51
26, 44, 27
10, 44, 27
42, 0, 51
34, 1, 51
7, 44, 27
37, 43, 27
35, 1, 51
25, 43, 27
10, 43, 27
36, 1, 51
43, 1, 51
7, 43, 27
37, 42, 27
44, 1, 51
37, 2, 51
24, 42, 27
10, 42, 27
9, 42, 27
8, 42, 27
36, 41, 27
38, 2, 51
39, 2, 51
40, 2, 51
24, 41, 27
36, 40, 27
41, 2, 51
45, 2, 51
42, 3, 51
43, 3, 51
23, 40, 27
35, 39, 27
44, 3, 51
45, 3, 51
50, 6, 51
47, 7, 51
48, 7, 51
22, 39, 27
35, 38, 27
49, 7, 51
51, 7, 51
52, 7, 51
53, 7, 51
54, 7, 51
55, 7, 51
17, 8, 51
21, 38, 27
34, 37, 27
18, 8, 51
19, 8, 51
20, 8, 51
21, 8, 51
22, 8, 51
20, 37, 27
33, 36, 27
46, 8, 51
47, 8, 51
56, 8, 51
15, 9, 51
16, 9, 51
19, 36, 27
33, 35, 27
32, 35, 27
22, 9, 51
23, 9, 51
46, 9, 51
47, 9, 51
57, 9, 51
58, 9, 51
13, 10, 51
14, 10, 51
18, 35, 27
31, 34, 27
23, 10, 51
24, 10, 51
17, 34, 27
30, 33, 27
46, 10, 51
47, 10, 51
16, 33, 27
29, 32, 27
58, 10, 51
12, 11, 51
16, 32, 27
28, 31, 27
27, 31, 27
23, 11, 51
47, 11, 51
15, 31, 27
26, 30, 27
58, 11, 51
12, 12, 51
23, 12, 51
15, 30, 27
25, 29, 27
24, 29, 27
48, 12, 51
59, 12, 51
10, 13, 51
15, 29, 27
23, 28, 27
11, 13, 51
23, 13, 51
42, 13, 51
43, 13, 51
44, 13, 51
48, 13, 51
16, 28, 27
15, 28, 27
14, 28, 27
22, 27, 27
21, 27, 27
20, 27, 27
19, 27, 27
49, 13, 51
17, 27, 27
16, 27, 27
15, 27, 27
18, 26, 27
17, 26, 27
16, 26, 27
59, 23, 27
58, 23, 27
57, 23, 27
56, 23, 27
61, 22, 27
60, 22, 27
59, 13, 51
10, 14, 51
11, 14, 51
23, 14, 51
55, 22, 27
61, 21, 27
38, 14, 51
39, 14, 51
40, 14, 51
41, 14, 51
42, 14, 51
54, 21, 27
62, 20, 27
44, 14, 51
50, 14, 51
51, 14, 51
58, 14, 51
10, 15, 51
22, 15, 51
54, 20, 27
62, 19, 27
34, 15, 51
35, 15, 51
36, 15, 51
37, 15, 51
44, 15, 51
52, 15, 51
54, 19, 27
62, 18, 27
53, 15, 51
54, 15, 51
55, 15, 51
56, 15, 51
57, 15, 51
10, 16, 51
21, 16, 51
54, 18, 27
62, 17, 27
35, 16, 51
36, 16, 51
37, 16, 51
38, 16, 51
39, 16, 51
54, 17, 27
63, 16, 27
40, 16, 51
61, 16, 27
60, 16, 27
41, 16, 51
42, 16, 51
43, 16, 51
56, 16, 27
10, 17, 51
54, 16, 27
64, 15, 27
19, 17, 51
62, 15, 27
59, 15, 27
58, 15, 27
57, 15, 27
55, 15, 27
54, 15, 27
53, 15, 27
65, 14, 27
20, 17, 51
63, 14, 27
54, 14, 27
53, 14, 27
66, 13, 27
11, 18, 51
64, 13, 27
53, 13, 27
52, 13, 27
66, 12, 27
65, 12, 27
53, 12, 27
52, 12, 27
66, 11, 27
24, 93, 26
26, 92, 26
25, 92, 26
24, 92, 26
23, 92, 26
27, 91, 26
26, 91, 26
17, 18, 51
18, 18, 51
23, 91, 26
28, 90, 26
27, 90, 26
12, 19, 51
13, 19, 51
15, 19, 51
23, 90, 26
29, 89, 26
16, 19, 51
27, 89, 26
26, 89, 26
25, 89, 26
24, 89, 26
23, 89, 26
29, 88, 26
28, 88, 26
27, 88, 26
26, 88, 26
25, 88, 26
24, 88, 26
35, 73, 26
34, 73, 26
33, 73, 26
32, 73, 26
38, 72, 26
37, 72, 26
36, 72, 26
35, 72, 26
34, 72, 26
33, 72, 26
32, 72, 26
38, 71, 26
37, 71, 26
14, 20, 51
15, 20, 51
16, 20, 51
33, 71, 26
32, 71, 26
25, 71, 26
24, 71, 26
39, 70, 26
11, 21, 51
12, 21, 51
11, 22, 51
32, 70, 26
26, 70, 26
12, 22, 51
11, 23, 51
23, 70, 26
39, 69, 26
12, 23, 51
32, 69, 26
25, 69, 26
11, 24, 51
23, 69, 26
40, 68, 26
12, 24, 51
11, 25, 51
32, 68, 26
24, 68, 26
23, 68, 26
40, 67, 26
12, 25, 51
33, 67, 26
41, 66, 26
11, 26, 51
33, 66, 26
41, 65, 26
12, 26, 51
33, 65, 26
41, 64, 26
33, 64, 26
41, 63, 26
33, 63, 26
41, 62, 26
33, 62, 26
41, 61, 26
33, 61, 26
41, 60, 26
33, 60, 26
41, 59, 26
11, 27, 51
12, 27, 51
11, 28, 51
33, 0, 52
34, 0, 52
32, 59, 26
41, 58, 26
35, 0, 52
36, 0, 52
37, 0, 52
33, 1, 52
38, 1, 52
39, 1, 52
32, 58, 26
41, 57, 26
40, 1, 52
41, 1, 52
42, 1, 52
43, 1, 52
34, 2, 52
31, 57, 26
41, 56, 26
35, 2, 52
36, 2, 52
44, 2, 52
31, 56, 26
41, 55, 26
45, 2, 52
31, 55, 26
42, 54, 26
37, 3, 52
38, 3, 52
39, 3, 52
30, 54, 26
41, 53, 26
40, 3, 52
41, 3, 52
45, 3, 52
29, 53, 26
28, 53, 26
27, 53, 26
41, 52, 26
42, 4, 52
43, 4, 52
44, 4, 52
45, 4, 52
27, 52, 26
41, 51, 26
44, 6, 52
45, 6, 52
46, 6, 52
47, 6, 52
48, 6, 52
26, 51, 26
40, 50, 26
49, 6, 52
50, 6, 52
51, 6, 52
52, 6, 52
19, 7, 52
20, 7, 52
26, 50, 26
6, 50, 26
5, 50, 26
4, 50, 26
40, 49, 26
21, 7, 52
44, 7, 52
45, 7, 52
46, 7, 52
53, 7, 52
54, 7, 52
55, 7, 52
27, 49, 26
6, 49, 26
5, 49, 26
4, 49, 26
3, 49, 26
41, 48, 26
17, 8, 52
18, 8, 52
22, 8, 52
23, 8, 52
24, 8, 52
25, 8, 52
43, 8, 52
28, 48, 26
6, 48, 26
5, 48, 26
3, 48, 26
2, 48, 26
41, 47, 26
44, 8, 52
45, 8, 52
56, 8, 52
15, 9, 52
16, 9, 52
24, 9, 52
28, 47, 26
8, 47, 26
41, 46, 26
40, 46, 26
39, 46, 26
25, 9, 52
26, 9, 52
43, 9, 52
44, 9, 52
45, 9, 52
27, 46, 26
10, 46, 26
9, 46, 26
8, 46, 26
40, 45, 26
39, 45, 26
57, 9, 52
14, 10, 52
27, 45, 26
10, 45, 26
25, 10, 52
8, 45, 26
38, 44, 26
26, 10, 52
44, 10, 52
45, 10, 52
58, 10, 52
13, 11, 52
26, 44, 26
11, 44, 26
24, 11, 52
25, 11, 52
8, 44, 26
37, 43, 26
44, 11, 52
45, 11, 52
46, 11, 52
58, 11, 52
25, 43, 26
11, 43, 26
12, 12, 52
24, 12, 52
8, 43, 26
37, 42, 26
25, 12, 52
42, 12, 52
43, 12, 52
44, 12, 52
45, 12, 52
46, 12, 52
25, 42, 26
10, 42, 26
9, 42, 26
8, 42, 26
36, 41, 26
47, 12, 52
58, 12, 52
12, 13, 52
24, 13, 52
37, 13, 52
38, 13, 52
39, 13, 52
24, 41, 26
36, 40, 26
40, 13, 52
41, 13, 52
45, 13, 52
47, 13, 52
48, 13, 52
49, 13, 52
58, 13, 52
12, 14, 52
24, 40, 26
35, 39, 26
23, 14, 52
33, 14, 52
34, 14, 52
35, 14, 52
36, 14, 52
37, 14, 52
44, 14, 52
45, 14, 52
23, 39, 26
34, 38, 26
50, 14, 52
51, 14, 52
56, 14, 52
57, 14, 52
11, 15, 52
22, 15, 52
22, 38, 26
34, 37, 26
23, 15, 52
33, 15, 52
39, 15, 52
40, 15, 52
41, 15, 52
42, 15, 52
43, 15, 52
21, 37, 26
33, 36, 26
52, 15, 52
53, 15, 52
54, 15, 52
55, 15, 52
11, 16, 52
12, 16, 52
20, 36, 26
32, 35, 26
31, 35, 26
21, 16, 52
34, 16, 52
35, 16, 52
36, 16, 52
37, 16, 52
19, 35, 26
30, 34, 26
38, 16, 52
11, 17, 52
18, 34, 26
29, 33, 26
12, 17, 52
19, 17, 52
18, 33, 26
17, 33, 26
28, 32, 26
20, 17, 52
12, 18, 52
13, 18, 52
17, 32, 26
27, 31, 26
15, 18, 52
16, 18, 52
17, 18, 52
18, 18, 52
17, 31, 26
16, 31, 26
26, 30, 26
25, 30, 26
13, 19, 52
14, 19, 52
11, 23, 52
12, 23, 52
11, 24, 52
17, 30, 26
16, 30, 26
24, 29, 26
23, 29, 26
12, 24, 52
11, 25, 52
12, 25, 52
11, 26, 52
18, 29, 26
17, 29, 26
16, 29, 26
22, 28, 26
21, 28, 26
20, 28, 26
19, 28, 26
18, 28, 26
17, 28, 26
19, 27, 26
18, 27, 26
59, 23, 26
58, 23, 26
57, 23, 26
60, 22, 26
12, 26, 52
11, 27, 52
12, 27, 52
56, 22, 26
55, 22, 26
54, 22, 26
61, 21, 26
34, 0, 53
33, 1, 53
35, 1, 53
36, 1, 53
37, 1, 53
53, 21, 26
61, 20, 26
38, 1, 53
33, 2, 53
53, 20, 26
61, 19, 26
39, 2, 53
40, 2, 53
41, 2, 53
42, 2, 53
53, 19, 26
61, 18, 26
43, 2, 53
33, 3, 53
34, 3, 53
35, 3, 53
53, 18, 26
62, 17, 26
61, 17, 26
36, 3, 53
37, 3, 53
44, 3, 53
54, 17, 26
63, 16, 26
62, 16, 26
61, 16, 26
60, 16, 26
59, 16, 26
45, 3, 53
38, 4, 53
56, 16, 26
55, 16, 26
64, 15, 26
63, 15, 26
62, 15, 26
58, 15, 26
57, 15, 26
65, 14, 26
64, 14, 26
63, 14, 26
66, 13, 26
65, 13, 26
64, 13, 26
66, 12, 26
65, 12, 26
26, 94, 25
25, 94, 25
24, 94, 25
23, 94, 25
27, 93, 25
26, 93, 25
25, 93, 25
39, 4, 53
23, 93, 25
28, 92, 25
27, 92, 25
40, 4, 53
41, 4, 53
45, 4, 53
23, 92, 25
29, 91, 25
28, 91, 25
42, 5, 53
26, 91, 25
25, 91, 25
24, 91, 25
23, 91, 25
29, 90, 25
28, 90, 25
27, 90, 25
26, 90, 25
25, 90, 25
24, 90, 25
29, 89, 25
28, 89, 25
36, 71, 25
35, 71, 25
34, 71, 25
25, 71, 25
38, 70, 25
37, 70, 25
36, 70, 25
35, 70, 25
34, 70, 25
33, 70, 25
26, 70, 25
43, 5, 53
24, 70, 25
39, 69, 25
38, 69, 25
37, 69, 25
44, 5, 53
35, 69, 25
34, 69, 25
33, 69, 25
26, 69, 25
25, 69, 25
45, 5, 53
23, 69, 25
39, 68, 25
46, 5, 53
47, 5, 53
42, 6, 53
43, 6, 53
34, 68, 25
33, 68, 25
24, 68, 25
23, 68, 25
40, 67, 25
48, 6, 53
49, 6, 53
33, 67, 25
40, 66, 25
50, 6, 53
51, 6, 53
33, 66, 25
41, 65, 25
52, 6, 53
53, 6, 53
33, 65, 25
41, 64, 25
19, 7, 53
20, 7, 53
33, 64, 25
41, 63, 25
21, 7, 53
22, 7, 53
33, 63, 25
41, 62, 25
23, 7, 53
33, 62, 25
41, 61, 25
33, 61, 25
41, 60, 25
33, 60, 25
41, 59, 25
24, 7, 53
25, 7, 53
26, 7, 53
33, 59, 25
41, 58, 25
27, 7, 53
41, 7, 53
42, 7, 53
43, 7, 53
54, 7, 53
16, 8, 53
32, 58, 25
41, 57, 25
17, 8, 53
18, 8, 53
26, 8, 53
32, 57, 25
41, 56, 25
27, 8, 53
28, 8, 53
40, 8, 53
31, 56, 25
41, 55, 25
41, 8, 53
42, 8, 53
55, 8, 53
31, 55, 25
41, 54, 25
56, 8, 53
15, 9, 53
27, 9, 53
28, 9, 53
31, 54, 25
41, 53, 25
41, 9, 53
42, 9, 53
56, 9, 53
14, 10, 53
27, 10, 53
30, 53, 25
29, 53, 25
28, 53, 25
27, 53, 25
41, 52, 25
28, 10, 53
42, 10, 53
43, 10, 53
57, 10, 53
13, 11, 53
26, 11, 53
27, 11, 53
42, 11, 53
27, 52, 25
40, 51, 25
43, 11, 53
57, 11, 53
13, 12, 53
26, 12, 53
27, 12, 53
37, 12, 53
38, 12, 53
39, 12, 53
40, 12, 53
26, 51, 25
40, 50, 25
41, 12, 53
57, 12, 53
12, 13, 53
25, 13, 53
26, 13, 53
33, 13, 53
34, 13, 53
35, 13, 53
36, 13, 53
44, 13, 53
45, 13, 53
26, 50, 25
7, 50, 25
6, 50, 25
5, 50, 25
4, 50, 25
3, 50, 25
40, 49, 25
46, 13, 53
47, 13, 53
48, 13, 53
56, 13, 53
57, 13, 53
12, 14, 53
24, 14, 53
33, 14, 53
39, 14, 53
40, 14, 53
41, 14, 53
27, 49, 25
26, 49, 25
8, 49, 25
7, 49, 25
42, 14, 53
43, 14, 53
49, 14, 53
3, 49, 25
40, 48, 25
50, 14, 53
51, 14, 53
52, 14, 53
53, 14, 53
55, 14, 53
56, 14, 53
12, 15, 53
23, 15, 53
33, 15, 53
35, 15, 53
28, 48, 25
9, 48, 25
8, 48, 25
7, 48, 25
36, 15, 53
37, 15, 53
4, 48, 25
3, 48, 25
40, 47, 25
39, 47, 25
38, 15, 53
54, 15, 53
13, 16, 53
20, 16, 53
21, 16, 53
22, 16, 53
34, 16, 53
28, 47, 25
10, 47, 25
9, 47, 25
13, 17, 53
7, 47, 25
6, 47, 25
5, 47, 25
38, 46, 25
14, 17, 53
19, 17, 53
14, 18, 53
15, 18, 53
16, 18, 53
17, 18, 53
18, 18, 53
27, 46, 25
11, 46, 25
11, 25, 53
11, 26, 53
12, 26, 53
7, 46, 25
38, 45, 25
11, 27, 53
34, 1, 54
33, 2, 54
35, 2, 54
36, 2, 54
37, 2, 54
38, 2, 54
27, 45, 25
12, 45, 25
11, 45, 25
33, 3, 54
39, 3, 54
7, 45, 25
38, 44, 25
40, 3, 54
41, 3, 54
42, 3, 54
43, 3, 54
33, 4, 54
34, 4, 54
35, 4, 54
36, 4, 54
26, 44, 25
11, 44, 25
37, 4, 54
44, 4, 54
7, 44, 25
37, 43, 25
45, 4, 54
46, 4, 54
38, 5, 54
39, 5, 54
40, 5, 54
41, 5, 54
47, 5, 54
48, 5, 54
25, 43, 25
11, 43, 25
10, 43, 25
9, 43, 25
8, 43, 25
36, 42, 25
21, 6, 54
22, 6, 54
23, 6, 54
24, 6, 54
25, 6, 54
26, 6, 54
27, 6, 54
25, 42, 25
8, 42, 25
36, 41, 25
28, 6, 54
29, 6, 54
30, 6, 54
31, 6, 54
32, 6, 54
33, 6, 54
35, 6, 54
38, 6, 54
24, 41, 25
35, 40, 25
39, 6, 54
40, 6, 54
41, 6, 54
49, 6, 54
50, 6, 54
51, 6, 54
52, 6, 54
24, 40, 25
35, 39, 25
19, 7, 54
20, 7, 54
28, 7, 54
29, 7, 54
30, 7, 54
31, 7, 54
32, 7, 54
24, 39, 25
23, 39, 25
34, 38, 25
33, 7, 54
34, 7, 54
35, 7, 54
36, 7, 54
37, 7, 54
38, 7, 54
23, 38, 25
22, 38, 25
33, 37, 25
39, 7, 54
40, 7, 54
53, 7, 54
54, 7, 54
16, 8, 54
17, 8, 54
22, 37, 25
32, 36, 25
18, 8, 54
29, 8, 54
30, 8, 54
31, 8, 54
32, 8, 54
33, 8, 54
21, 36, 25
32, 35, 25
31, 35, 25
34, 8, 54
35, 8, 54
36, 8, 54
37, 8, 54
21, 35, 25
20, 35, 25
30, 34, 25
29, 34, 25
28, 34, 25
38, 8, 54
39, 8, 54
20, 34, 25
19, 34, 25
29, 33, 25
28, 33, 25
55, 8, 54
15, 9, 54
29, 9, 54
20, 33, 25
19, 33, 25
28, 32, 25
27, 32, 25
26, 32, 25
30, 9, 54
31, 9, 54
32, 9, 54
21, 32, 25
20, 32, 25
19, 32, 25
18, 32, 25
26, 31, 25
25, 31, 25
24, 31, 25
33, 9, 54
34, 9, 54
21, 31, 25
20, 31, 25
19, 31, 25
18, 31, 25
24, 30, 25
23, 30, 25
22, 30, 25
21, 30, 25
20, 30, 25
19, 30, 25
18, 30, 25
22, 29, 25
21, 29, 25
20, 29, 25
19, 29, 25
57, 23, 25
56, 23, 25
60, 22, 25
59, 22, 25
58, 22, 25
35, 9, 54
36, 9, 54
55, 22, 25
54, 22, 25
53, 22, 25
61, 21, 25
37, 9, 54
38, 9, 54
39, 9, 54
40, 9, 54
56, 9, 54
14, 10, 54
53, 21, 25
61, 20, 25
29, 10, 54
30, 10, 54
31, 10, 54
32, 10, 54
33, 10, 54
34, 10, 54
53, 20, 25
61, 19, 25
39, 10, 54
40, 10, 54
41, 10, 54
56, 10, 54
14, 11, 54
52, 19, 25
61, 18, 25
28, 11, 54
29, 11, 54
30, 11, 54
37, 11, 54
38, 11, 54
39, 11, 54
40, 11, 54
53, 18, 25
60, 17, 25
41, 11, 54
56, 11, 54
13, 12, 54
28, 12, 54
33, 12, 54
54, 17, 25
53, 17, 25
59, 16, 25
58, 16, 25
57, 16, 25
56, 16, 25
55, 16, 25
26, 96, 24
25, 96, 24
24, 96, 24
27, 95, 24
26, 95, 24
25, 95, 24
24, 95, 24
23, 95, 24
28, 94, 24
27, 94, 24
34, 12, 54
35, 12, 54
36, 12, 54
23, 94, 24
28, 93, 24
44, 12, 54
56, 12, 54
25, 93, 24
24, 93, 24
29, 92, 24
28, 92, 24
27, 92, 24
26, 92, 24
25, 92, 24
24, 92, 24
29, 91, 24
28, 91, 24
27, 91, 24
25, 70, 24
36, 69, 24
26, 69, 24
13, 13, 54
24, 69, 24
38, 68, 24
37, 68, 24
36, 68, 24
35, 68, 24
25, 68, 24
24, 68, 24
39, 67, 24
38, 67, 24
37, 67, 24
36, 67, 24
35, 67, 24
34, 67, 24
24, 67, 24
39, 66, 24
38, 66, 24
26, 13, 54
27, 13, 54
35, 66, 24
34, 66, 24
40, 65, 24
33, 13, 54
39, 13, 54
40, 13, 54
41, 13, 54
35, 65, 24
34, 65, 24
40, 64, 24
42, 13, 54
43, 13, 54
34, 64, 24
41, 63, 24
45, 13, 54
46, 13, 54
47, 13, 54
34, 63, 24
41, 62, 24
48, 13, 54
34, 62, 24
41, 61, 24
55, 13, 54
13, 14, 54
33, 61, 24
41, 60, 24
24, 14, 54
25, 14, 54
33, 60, 24
41, 59, 24
33, 14, 54
34, 14, 54
33, 59, 24
41, 58, 24
35, 14, 54
36, 14, 54
37, 14, 54
38, 14, 54
49, 14, 54
50, 14, 54
33, 58, 24
41, 57, 24
51, 14, 54
52, 14, 54
53, 14, 54
54, 14, 54
13, 15, 54
22, 15, 54
32, 57, 24
41, 56, 24
23, 15, 54
34, 15, 54
14, 16, 54
20, 16, 54
21, 16, 54
31, 56, 24
41, 55, 24
15, 17, 54
16, 17, 54
17, 17, 54
18, 17, 54
19, 17, 54
31, 55, 24
41, 54, 24
34, 2, 55
33, 3, 55
35, 3, 55
36, 3, 55
37, 3, 55
31, 54, 24
41, 53, 24
38, 3, 55
39, 3, 55
33, 4, 55
40, 4, 55
41, 4, 55
42, 4, 55
43, 4, 55
44, 4, 55
30, 53, 24
29, 53, 24
28, 53, 24
40, 52, 24
45, 4, 55
46, 4, 55
47, 4, 55
25, 5, 55
26, 5, 55
27, 5, 55
28, 5, 55
30, 52, 24
29, 52, 24
28, 52, 24
27, 52, 24
40, 51, 24
29, 5, 55
31, 5, 55
32, 5, 55
33, 5, 55
34, 5, 55
35, 5, 55
36, 5, 55
37, 5, 55
48, 5, 55
28, 51, 24
27, 51, 24
26, 51, 24
40, 50, 24
49, 5, 55
21, 6, 55
22, 6, 55
23, 6, 55
24, 6, 55
30, 6, 55
34, 6, 55
36, 6, 55
37, 6, 55
50, 6, 55
51, 6, 55
52, 6, 55
18, 7, 55
25, 50, 24
7, 50, 24
6, 50, 24
5, 50, 24
4, 50, 24
39, 49, 24
19, 7, 55
20, 7, 55
53, 7, 55
17, 8, 55
54, 8, 55
16, 9, 55
55, 9, 55
15, 10, 55
35, 10, 55
36, 10, 55
37, 10, 55
25, 49, 24
8, 49, 24
38, 10, 55
55, 10, 55
4, 49, 24
39, 48, 24
14, 11, 55
15, 11, 55
31, 11, 55
32, 11, 55
33, 11, 55
34, 11, 55
35, 11, 55
28, 48, 24
27, 48, 24
26, 48, 24
25, 48, 24
9, 48, 24
36, 11, 55
55, 11, 55
14, 12, 55
29, 12, 55
4, 48, 24
39, 47, 24
30, 12, 55
33, 12, 55
39, 12, 55
40, 12, 55
41, 12, 55
42, 12, 55
43, 12, 55
28, 47, 24
10, 47, 24
55, 12, 55
14, 13, 55
27, 13, 55
28, 13, 55
5, 47, 24
38, 46, 24
33, 13, 55
34, 13, 55
35, 13, 55
36, 13, 55
37, 13, 55
38, 13, 55
44, 13, 55
27, 46, 24
12, 46, 24
11, 46, 24
45, 13, 55
46, 13, 55
6, 46, 24
38, 45, 24
47, 13, 55
48, 13, 55
49, 13, 55
53, 13, 55
54, 13, 55
14, 14, 55
27, 45, 24
13, 45, 24
24, 14, 55
25, 14, 55
26, 14, 55
7, 45, 24
37, 44, 24
33, 14, 55
50, 14, 55
51, 14, 55
52, 14, 55
14, 15, 55
22, 15, 55
23, 15, 55
15, 16, 55
26, 44, 24
13, 44, 24
12, 44, 24
16, 16, 55
17, 16, 55
18, 16, 55
6, 44, 24
37, 43, 24
19, 16, 55
20, 16, 55
21, 16, 55
33, 3, 56
34, 3, 56
35, 3, 56
26, 43, 24
12, 43, 24
11, 43, 24
10, 43, 24
9, 43, 24
32, 4, 56
7, 43, 24
6, 43, 24
36, 42, 24
36, 4, 56
37, 4, 56
38, 4, 56
39, 4, 56
40, 4, 56
41, 4, 56
42, 4, 56
26, 42, 24
25, 42, 24
8, 42, 24
7, 42, 24
2, 42, 24
35, 41, 24
43, 4, 56
44, 4, 56
45, 4, 56
46, 4, 56
47, 4, 56
25, 41, 24
2, 41, 24
35, 40, 24
25, 5, 56
26, 5, 56
27, 5, 56
28, 5, 56
29, 5, 56
30, 5, 56
25, 40, 24
34, 39, 24
31, 5, 56
48, 5, 56
49, 5, 56
21, 6, 56
22, 6, 56
25, 39, 24
34, 38, 24
23, 6, 56
24, 6, 56
50, 6, 56
51, 6, 56
19, 7, 56
25, 38, 24
24, 38, 24
33, 37, 24
20, 7, 56
52, 7, 56
18, 8, 56
53, 8, 56
17, 9, 56
26, 37, 24
25, 37, 24
24, 37, 24
23, 37, 24
32, 36, 24
31, 36, 24
53, 9, 56
54, 9, 56
16, 10, 56
27, 36, 24
26, 36, 24
25, 36, 24
24, 36, 24
23, 36, 24
22, 36, 24
31, 35, 24
30, 35, 24
29, 35, 24
28, 35, 24
27, 35, 24
26, 35, 24
25, 35, 24
24, 35, 24
23, 35, 24
22, 35, 24
27, 34, 24
26, 34, 24
25, 34, 24
24, 34, 24
23, 34, 24
22, 34, 24
21, 34, 24
27, 33, 24
26, 33, 24
25, 33, 24
24, 33, 24
23, 33, 24
22, 33, 24
21, 33, 24
25, 32, 24
24, 32, 24
23, 32, 24
22, 32, 24
23, 31, 24
22, 31, 24
56, 23, 24
55, 23, 24
58, 22, 24
57, 22, 24
54, 10, 56
16, 11, 56
54, 22, 24
53, 22, 24
60, 21, 24
59, 21, 24
54, 11, 56
15, 12, 56
52, 21, 24
60, 20, 24
30, 12, 56
31, 12, 56
32, 12, 56
35, 12, 56
36, 12, 56
52, 20, 24
60, 19, 24
37, 12, 56
38, 12, 56
39, 12, 56
40, 12, 56
41, 12, 56
53, 12, 56
52, 19, 24
60, 18, 24
54, 12, 56
15, 13, 56
28, 13, 56
29, 13, 56
33, 13, 56
52, 18, 24
59, 17, 24
58, 17, 24
34, 13, 56
42, 13, 56
54, 17, 24
53, 17, 24
57, 16, 24
56, 16, 24
55, 16, 24
25, 98, 23
24, 98, 23
27, 97, 23
26, 97, 23
25, 97, 23
24, 97, 23
28, 96, 23
27, 96, 23
43, 13, 56
44, 13, 56
24, 96, 23
28, 95, 23
45, 13, 56
46, 13, 56
47, 13, 56
24, 95, 23
28, 94, 23
27, 94, 23
26, 94, 23
25, 94, 23
24, 94, 23
28, 93, 23
27, 93, 23
26, 93, 23
26, 69, 23
25, 69, 23
24, 69, 23
26, 68, 23
48, 13, 56
24, 68, 23
25, 67, 23
24, 67, 23
37, 66, 23
36, 66, 23
39, 65, 23
38, 65, 23
37, 65, 23
36, 65, 23
39, 64, 23
38, 64, 23
37, 64, 23
36, 64, 23
35, 64, 23
40, 63, 23
39, 63, 23
38, 63, 23
37, 63, 23
36, 63, 23
35, 63, 23
40, 62, 23
39, 62, 23
38, 62, 23
49, 13, 56
50, 13, 56
35, 62, 23
40, 61, 23
51, 13, 56
52, 13, 56
15, 14, 56
16, 14, 56
24, 14, 56
34, 61, 23
40, 60, 23
25, 14, 56
26, 14, 56
34, 60, 23
40, 59, 23
27, 14, 56
15, 15, 56
34, 59, 23
33, 59, 23
40, 58, 23
16, 15, 56
17, 15, 56
22, 15, 56
23, 15, 56
33, 58, 23
40, 57, 23
17, 16, 56
18, 16, 56
19, 16, 56
20, 16, 56
21, 16, 56
36, 3, 57
37, 3, 57
32, 57, 23
40, 56, 23
38, 3, 57
30, 4, 57
31, 4, 57
32, 4, 57
32, 56, 23
41, 55, 23
33, 4, 57
34, 4, 57
35, 4, 57
39, 4, 57
40, 4, 57
41, 4, 57
31, 55, 23
41, 54, 23
42, 4, 57
43, 4, 57
44, 4, 57
45, 4, 57
46, 4, 57
47, 4, 57
31, 54, 23
40, 53, 23
24, 5, 57
25, 5, 57
26, 5, 57
27, 5, 57
28, 5, 57
29, 5, 57
31, 53, 23
40, 52, 23
48, 5, 57
49, 5, 57
21, 6, 57
22, 6, 57
23, 6, 57
31, 52, 23
40, 51, 23
50, 6, 57
19, 7, 57
20, 7, 57
51, 7, 57
18, 8, 57
52, 8, 57
17, 9, 57
30, 51, 23
29, 51, 23
39, 50, 23
18, 9, 57
52, 9, 57
17, 10, 57
52, 10, 57
53, 10, 57
30, 50, 23
29, 50, 23
28, 50, 23
27, 50, 23
26, 50, 23
25, 50, 23
6, 50, 23
5, 50, 23
4, 50, 23
39, 49, 23
16, 11, 57
17, 11, 57
52, 11, 57
53, 11, 57
16, 12, 57
17, 12, 57
29, 49, 23
28, 49, 23
32, 12, 57
35, 12, 57
24, 49, 23
7, 49, 23
6, 49, 23
5, 49, 23
4, 49, 23
39, 48, 23
36, 12, 57
37, 12, 57
38, 12, 57
39, 12, 57
40, 12, 57
41, 12, 57
50, 12, 57
29, 48, 23
27, 48, 23
51, 12, 57
52, 12, 57
24, 48, 23
23, 48, 23
9, 48, 23
8, 48, 23
16, 13, 57
6, 48, 23
5, 48, 23
4, 48, 23
38, 47, 23
17, 13, 57
27, 13, 57
28, 13, 57
29, 13, 57
30, 13, 57
29, 47, 23
26, 47, 23
25, 47, 23
24, 47, 23
11, 47, 23
10, 47, 23
31, 13, 57
33, 13, 57
34, 13, 57
6, 47, 23
5, 47, 23
38, 46, 23
42, 13, 57
43, 13, 57
44, 13, 57
45, 13, 57
46, 13, 57
47, 13, 57
28, 46, 23
17, 46, 23
16, 46, 23
15, 46, 23
14, 46, 23
13, 46, 23
12, 46, 23
48, 13, 57
49, 13, 57
17, 14, 57
6, 46, 23
37, 45, 23
24, 14, 57
25, 14, 57
26, 14, 57
18, 15, 57
19, 15, 57
28, 45, 23
17, 45, 23
16, 45, 23
15, 45, 23
14, 45, 23
20, 15, 57
21, 15, 57
22, 15, 57
23, 15, 57
7, 45, 23
37, 44, 23
36, 3, 58
37, 3, 58
38, 3, 58
39, 3, 58
30, 4, 58
28, 44, 23
27, 44, 23
15, 44, 23
14, 44, 23
31, 4, 58
32, 4, 58
33, 4, 58
34, 4, 58
35, 4, 58
6, 44, 23
37, 43, 23
40, 4, 58
41, 4, 58
42, 4, 58
43, 4, 58
44, 4, 58
45, 4, 58
27, 43, 23
13, 43, 23
12, 43, 23
11, 43, 23
10, 43, 23
46, 4, 58
24, 5, 58
25, 5, 58
5, 43, 23
36, 42, 23
26, 5, 58
27, 5, 58
28, 5, 58
29, 5, 58
47, 5, 58
48, 5, 58
27, 42, 23
9, 42, 23
8, 42, 23
23, 6, 58
6, 42, 23
5, 42, 23
4, 42, 23
3, 42, 23
2, 42, 23
36, 41, 23
49, 6, 58
34, 41, 23
21, 7, 58
22, 7, 58
50, 7, 58
19, 8, 58
20, 8, 58
26, 41, 23
7, 41, 23
6, 41, 23
5, 41, 23
4, 41, 23
3, 41, 23
2, 41, 23
36, 40, 23
51, 8, 58
19, 9, 58
33, 40, 23
51, 9, 58
18, 10, 58
50, 10, 58
51, 10, 58
18, 11, 58
26, 40, 23
5, 40, 23
4, 40, 23
3, 40, 23
2, 40, 23
35, 39, 23
50, 11, 58
33, 39, 23
32, 39, 23
51, 11, 58
18, 12, 58
32, 12, 58
26, 39, 23
35, 38, 23
35, 12, 58
36, 12, 58
32, 38, 23
31, 38, 23
37, 12, 58
38, 12, 58
28, 38, 23
27, 38, 23
26, 38, 23
34, 37, 23
39, 12, 58
32, 37, 23
31, 37, 23
30, 37, 23
40, 12, 58
28, 37, 23
27, 37, 23
33, 36, 23
30, 36, 23
29, 36, 23
28, 36, 23
56, 23, 23
55, 23, 23
54, 23, 23
58, 22, 23
57, 22, 23
41, 12, 58
42, 12, 58
49, 12, 58
53, 22, 23
52, 22, 23
59, 21, 23
50, 12, 58
18, 13, 58
52, 21, 23
59, 20, 23
19, 13, 58
27, 13, 58
51, 20, 23
59, 19, 23
28, 13, 58
51, 19, 23
59, 18, 23
29, 13, 58
30, 13, 58
52, 18, 23
59, 17, 23
58, 17, 23
31, 13, 58
33, 13, 58
34, 13, 58
53, 17, 23
57, 16, 23
56, 16, 23
55, 16, 23
54, 16, 23
26, 99, 22
25, 99, 22
24, 99, 22
28, 98, 22
27, 98, 22
26, 98, 22
43, 13, 58
24, 98, 22
28, 97, 22
44, 13, 58
45, 13, 58
25, 97, 22
24, 97, 22
28, 96, 22
27, 96, 22
26, 96, 22
25, 96, 22
28, 95, 22
27, 95, 22
26, 95, 22
25, 95, 22
25, 69, 22
26, 68, 22
25, 68, 22
26, 67, 22
25, 67, 22
24, 67, 22
24, 66, 22
37, 62, 22
36, 62, 22
39, 61, 22
38, 61, 22
37, 61, 22
36, 61, 22
35, 61, 22
39, 60, 22
38, 60, 22
37, 60, 22
36, 60, 22
35, 60, 22
39, 59, 22
38, 59, 22
37, 59, 22
36, 59, 22
35, 59, 22
39, 58, 22
38, 58, 22
37, 58, 22
36, 58, 22
35, 58, 22
34, 58, 22
39, 57, 22
38, 57, 22
37, 57, 22
36, 57, 22
46, 13, 58
34, 57, 22
33, 57, 22
39, 56, 22
47, 13, 58
48, 13, 58
18, 14, 58
19, 14, 58
20, 14, 58
33, 56, 22
40, 55, 22
21, 14, 58
22, 14, 58
23, 14, 58
24, 14, 58
25, 14, 58
26, 14, 58
35, 3, 59
32, 55, 22
40, 54, 22
39, 54, 22
36, 3, 59
37, 3, 59
38, 3, 59
39, 3, 59
32, 54, 22
41, 53, 22
40, 3, 59
39, 53, 22
29, 4, 59
30, 4, 59
31, 4, 59
32, 53, 22
40, 52, 22
32, 4, 59
33, 4, 59
34, 4, 59
41, 4, 59
42, 4, 59
31, 52, 22
40, 51, 22
43, 4, 59
44, 4, 59
45, 4, 59
47, 4, 59
25, 5, 59
31, 51, 22
40, 50, 22
26, 5, 59
38, 50, 22
27, 5, 59
28, 5, 59
46, 5, 59
31, 50, 22
26, 50, 22
25, 50, 22
40, 49, 22
47, 5, 59
23, 6, 59
24, 6, 59
48, 6, 59
49, 6, 59
22, 7, 59
30, 49, 22
27, 49, 22
26, 49, 22
49, 7, 59
24, 49, 22
39, 48, 22
21, 8, 59
37, 48, 22
22, 8, 59
50, 8, 59
19, 9, 59
30, 48, 22
26, 48, 22
20, 9, 59
50, 9, 59
23, 48, 22
8, 48, 22
7, 48, 22
39, 47, 22
19, 10, 59
37, 47, 22
36, 47, 22
20, 10, 59
49, 10, 59
19, 11, 59
30, 47, 22
26, 47, 22
25, 47, 22
20, 11, 59
23, 47, 22
22, 47, 22
20, 47, 22
19, 47, 22
18, 47, 22
17, 47, 22
16, 47, 22
15, 47, 22
14, 47, 22
13, 47, 22
12, 47, 22
11, 47, 22
10, 47, 22
9, 47, 22
8, 47, 22
7, 47, 22
39, 46, 22
49, 11, 59
19, 12, 59
36, 46, 22
20, 12, 59
21, 12, 59
32, 12, 59
34, 12, 59
35, 12, 59
36, 12, 59
29, 46, 22
24, 46, 22
23, 46, 22
22, 46, 22
21, 46, 22
20, 46, 22
19, 46, 22
18, 46, 22
37, 12, 59
38, 12, 59
39, 12, 59
40, 12, 59
41, 12, 59
42, 12, 59
46, 12, 59
47, 12, 59
9, 46, 22
8, 46, 22
7, 46, 22
38, 45, 22
48, 12, 59
36, 45, 22
35, 45, 22
49, 12, 59
20, 13, 59
32, 45, 22
21, 13, 59
22, 13, 59
29, 45, 22
21, 45, 22
20, 45, 22
19, 45, 22
18, 45, 22
23, 13, 59
24, 13, 59
25, 13, 59
26, 13, 59
27, 13, 59
28, 13, 59
29, 13, 59
30, 13, 59
8, 45, 22
7, 45, 22
6, 45, 22
38, 44, 22
31, 13, 59
36, 44, 22
35, 44, 22
34, 44, 22
33, 44, 22
32, 44, 22
31, 44, 22
33, 13, 59
29, 44, 22
18, 44, 22
17, 44, 22
16, 44, 22
15, 44, 22
14, 44, 22
43, 13, 59
44, 13, 59
45, 13, 59
21, 14, 59
35, 3, 60
36, 3, 60
37, 3, 60
5, 44, 22
37, 43, 22
38, 3, 60
35, 43, 22
34, 43, 22
33, 43, 22
32, 43, 22
31, 43, 22
39, 3, 60
47, 3, 60
28, 43, 22
13, 43, 22
12, 43, 22
11, 43, 22
10, 43, 22
31, 4, 60
32, 4, 60
33, 4, 60
34, 4, 60
40, 4, 60
4, 43, 22
37, 42, 22
41, 4, 60
35, 42, 22
34, 42, 22
33, 42, 22
32, 42, 22
31, 42, 22
30, 42, 22
42, 4, 60
28, 42, 22
9, 42, 22
8, 42, 22
43, 4, 60
44, 4, 60
45, 4, 60
46, 4, 60
3, 42, 22
37, 41, 22
47, 4, 60
35, 41, 22
33, 41, 22
32, 41, 22
31, 41, 22
30, 41, 22
27, 5, 60
28, 5, 60
27, 41, 22
7, 41, 22
29, 5, 60
30, 5, 60
47, 5, 60
2, 41, 22
36, 40, 22
25, 6, 60
34, 40, 22
32, 40, 22
31, 40, 22
30, 40, 22
29, 40, 22
26, 6, 60
27, 40, 22
6, 40, 22
5, 40, 22
4, 40, 22
3, 40, 22
2, 40, 22
36, 39, 22
47, 6, 60
34, 39, 22
31, 39, 22
30, 39, 22
29, 39, 22
28, 39, 22
27, 39, 22
35, 38, 22
23, 7, 60
33, 38, 22
30, 38, 22
29, 38, 22
35, 37, 22
24, 7, 60
33, 37, 22
29, 37, 22
34, 36, 22
55, 23, 22
54, 23, 22
57, 22, 22
56, 22, 22
47, 7, 60
48, 7, 60
53, 22, 22
52, 22, 22
58, 21, 22
23, 8, 60
48, 8, 60
51, 21, 22
59, 20, 22
49, 8, 60
51, 20, 22
59, 19, 22
21, 9, 60
22, 9, 60
51, 19, 22
58, 18, 22
23, 9, 60
48, 9, 60
51, 18, 22
58, 17, 22
57, 17, 22
49, 9, 60
21, 10, 60
22, 10, 60
53, 17, 22
52, 17, 22
56, 16, 22
55, 16, 22
54, 16, 22
27, 100, 21
26, 100, 21
25, 100, 21
24, 100, 21
28, 99, 21
27, 99, 21
23, 10, 60
25, 99, 21
24, 99, 21
28, 98, 21
27, 98, 21
26, 98, 21
25, 98, 21
28, 97, 21
27, 97, 21
26, 97, 21
26, 68, 21
25, 68, 21
26, 67, 21
47, 10, 60
24, 67, 21
25, 66, 21
24, 66, 21
35, 57, 21
39, 56, 21
38, 56, 21
37, 56, 21
36, 56, 21
35, 56, 21
34, 56, 21
39, 55, 21
38, 55, 21
37, 55, 21
36, 55, 21
48, 10, 60
21, 11, 60
33, 55, 21
38, 54, 21
37, 54, 21
36, 54, 21
22, 11, 60
23, 11, 60
33, 54, 21
41, 53, 21
40, 53, 21
38, 53, 21
37, 53, 21
36, 53, 21
35, 53, 21
48, 11, 60
33, 53, 21
41, 52, 21
22, 12, 60
39, 52, 21
38, 52, 21
37, 52, 21
36, 52, 21
35, 52, 21
23, 12, 60
24, 12, 60
32, 52, 21
41, 51, 21
32, 12, 60
39, 51, 21
38, 51, 21
37, 51, 21
36, 51, 21
35, 51, 21
34, 51, 21
34, 12, 60
32, 51, 21
41, 50, 21
35, 12, 60
39, 50, 21
37, 50, 21
36, 50, 21
35, 50, 21
34, 50, 21
36, 12, 60
32, 50, 21
40, 49, 21
37, 12, 60
38, 49, 21
37, 49, 21
36, 49, 21
35, 49, 21
34, 49, 21
33, 49, 21
38, 12, 60
31, 49, 21
25, 49, 21
24, 49, 21
40, 48, 21
39, 12, 60
38, 48, 21
36, 48, 21
35, 48, 21
34, 48, 21
33, 48, 21
40, 12, 60
31, 48, 21
26, 48, 21
25, 48, 21
41, 12, 60
23, 48, 21
22, 48, 21
40, 47, 21
42, 12, 60
38, 47, 21
35, 47, 21
34, 47, 21
33, 47, 21
43, 12, 60
44, 12, 60
30, 47, 21
25, 47, 21
45, 12, 60
46, 12, 60
47, 12, 60
21, 47, 21
20, 47, 21
19, 47, 21
18, 47, 21
17, 47, 21
16, 47, 21
15, 47, 21
14, 47, 21
39, 46, 21
23, 13, 60
37, 46, 21
35, 46, 21
34, 46, 21
33, 46, 21
32, 46, 21
24, 13, 60
30, 46, 21
25, 46, 21
24, 46, 21
25, 13, 60
26, 13, 60
27, 13, 60
28, 13, 60
29, 13, 60
30, 13, 60
13, 46, 21
12, 46, 21
11, 46, 21
10, 46, 21
39, 45, 21
31, 13, 60
37, 45, 21
34, 45, 21
33, 45, 21
31, 45, 21
33, 13, 60
29, 45, 21
23, 45, 21
22, 45, 21
21, 45, 21
20, 45, 21
47, 2, 61
42, 3, 61
43, 3, 61
44, 3, 61
45, 3, 61
46, 3, 61
12, 45, 21
11, 45, 21
10, 45, 21
9, 45, 21
39, 44, 21
47, 3, 61
37, 44, 21
30, 44, 21
29, 44, 21
19, 44, 21
18, 44, 21
17, 44, 21
16, 44, 21
15, 44, 21
14, 44, 21
13, 44, 21
12, 44, 21
11, 44, 21
10, 44, 21
9, 44, 21
8, 44, 21
7, 44, 21
6, 44, 21
38, 43, 21
31, 4, 61
36, 43, 21
30, 43, 21
32, 4, 61
28, 43, 21
12, 43, 21
11, 43, 21
10, 43, 21
9, 43, 21
8, 43, 21
7, 43, 21
6, 43, 21
5, 43, 21
38, 42, 21
33, 4, 61
36, 42, 21
29, 42, 21
28, 42, 21
9, 42, 21
8, 42, 21
7, 42, 21
6, 42, 21
5, 42, 21
4, 42, 21
3, 42, 21
38, 41, 21
34, 4, 61
35, 4, 61
35, 41, 21
29, 41, 21
36, 4, 61
27, 41, 21
7, 41, 21
6, 41, 21
5, 41, 21
4, 41, 21
3, 41, 21
37, 40, 21
37, 4, 61
35, 40, 21
28, 40, 21
27, 40, 21
5, 40, 21
4, 40, 21
3, 40, 21
37, 39, 21
38, 4, 61
39, 4, 61
34, 39, 21
27, 39, 21
36, 38, 21
40, 4, 61
34, 38, 21
36, 37, 21
41, 4, 61
34, 37, 21
35, 36, 21
34, 36, 21
55, 23, 21
54, 23, 21
53, 23, 21
57, 22, 21
56, 22, 21
47, 4, 61
29, 5, 61
30, 5, 61
52, 22, 21
51, 22, 21
58, 21, 21
43, 5, 61
44, 5, 61
50, 21, 21
58, 20, 21
45, 5, 61
46, 5, 61
50, 20, 21
58, 19, 21
47, 5, 61
27, 6, 61
50, 19, 21
58, 18, 21
28, 6, 61
29, 6, 61
44, 6, 61
50, 18, 21
57, 17, 21
56, 17, 21
45, 6, 61
46, 6, 61
53, 17, 21
52, 17, 21
51, 17, 21
55, 16, 21
54, 16, 21
27, 102, 20
26, 102, 20
27, 101, 20
26, 101, 20
25, 101, 20
27, 100, 20
26, 100, 20
25, 100, 20
27, 99, 20
26, 99, 20
26, 67, 20
25, 67, 20
26, 66, 20
25, 7, 61
24, 66, 20
25, 65, 20
24, 65, 20
35, 55, 20
34, 55, 20
33, 55, 20
35, 54, 20
26, 7, 61
33, 54, 20
41, 53, 20
34, 53, 20
33, 53, 20
42, 52, 20
27, 7, 61
40, 52, 20
34, 52, 20
45, 7, 61
32, 52, 20
42, 51, 20
46, 7, 61
40, 51, 20
33, 51, 20
32, 51, 20
41, 50, 20
24, 8, 61
39, 50, 20
33, 50, 20
25, 8, 61
31, 50, 20
41, 49, 20
26, 8, 61
39, 49, 20
32, 49, 20
31, 49, 20
41, 48, 20
46, 8, 61
39, 48, 20
32, 48, 20
31, 48, 20
24, 48, 20
23, 48, 20
22, 48, 20
40, 47, 20
47, 8, 61
38, 47, 20
32, 47, 20
24, 9, 61
30, 47, 20
25, 47, 20
25, 9, 61
46, 9, 61
47, 9, 61
21, 47, 20
20, 47, 20
19, 47, 20
18, 47, 20
40, 46, 20
24, 10, 61
38, 46, 20
31, 46, 20
30, 46, 20
24, 46, 20
25, 10, 61
26, 10, 61
45, 10, 61
46, 10, 61
18, 46, 20
17, 46, 20
16, 46, 20
15, 46, 20
14, 46, 20
40, 45, 20
24, 11, 61
38, 45, 20
31, 45, 20
25, 11, 61
29, 45, 20
23, 45, 20
22, 45, 20
21, 45, 20
20, 45, 20
19, 45, 20
18, 45, 20
17, 45, 20
16, 45, 20
15, 45, 20
14, 45, 20
13, 45, 20
39, 44, 20
26, 11, 61
37, 44, 20
30, 44, 20
29, 44, 20
17, 44, 20
16, 44, 20
39, 43, 20
27, 11, 61
37, 43, 20
30, 43, 20
28, 11, 61
28, 43, 20
39, 42, 20
29, 11, 61
37, 42, 20
29, 42, 20
28, 42, 20
38, 41, 20
46, 11, 61
36, 41, 20
29, 41, 20
47, 11, 61
27, 41, 20
38, 40, 20
25, 12, 61
36, 40, 20
28, 40, 20
27, 40, 20
37, 39, 20
26, 12, 61
35, 39, 20
37, 38, 20
27, 12, 61
35, 38, 20
37, 37, 20
28, 12, 61
29, 12, 61
34, 37, 20
36, 36, 20
35, 36, 20
54, 23, 20
53, 23, 20
52, 23, 20
56, 22, 20
55, 22, 20
30, 12, 61
31, 12, 61
32, 12, 61
51, 22, 20
50, 22, 20
57, 21, 20
33, 12, 61
34, 12, 61
35, 12, 61
49, 21, 20
57, 20, 20
36, 12, 61
37, 12, 61
49, 20, 20
57, 19, 20
38, 12, 61
39, 12, 61
49, 19, 20
57, 18, 20
40, 12, 61
41, 12, 61
42, 12, 61
49, 18, 20
56, 17, 20
55, 17, 20
43, 12, 61
47, 12, 61
52, 17, 20
51, 17, 20
50, 17, 20
54, 16, 20
53, 16, 20
28, 102, 19
27, 102, 19
26, 102, 19
27, 101, 19
26, 67, 19
26, 66, 19
25, 66, 19
34, 55, 19
33, 55, 19
34, 54, 19
33, 54, 19
34, 53, 19
33, 53, 19
42, 52, 19
41, 52, 19
33, 52, 19
32, 52, 19
42, 51, 19
44, 13, 61
40, 51, 19
33, 51, 19
32, 51, 19
42, 50, 19
45, 13, 61
40, 50, 19
33, 50, 19
46, 13, 61
31, 50, 19
42, 49, 19
47, 13, 61
40, 49, 19
32, 49, 19
31, 49, 19
41, 48, 19
47, 1, 62
39, 48, 19
32, 48, 19
42, 2, 62
30, 48, 19
41, 47, 19
43, 2, 62
39, 47, 19
31, 47, 19
30, 47, 19
24, 47, 19
23, 47, 19
22, 47, 19
21, 47, 19
20, 47, 19
41, 46, 19
44, 2, 62
39, 46, 19
31, 46, 19
45, 2, 62
29, 46, 19
23, 46, 19
22, 46, 19
21, 46, 19
20, 46, 19
19, 46, 19
40, 45, 19
46, 2, 62
38, 45, 19
31, 45, 19
47, 2, 62
29, 45, 19
23, 45, 19
22, 45, 19
21, 45, 19
20, 45, 19
40, 44, 19
37, 3, 62
38, 44, 19
30, 44, 19
38, 3, 62
28, 44, 19
40, 43, 19
39, 3, 62
38, 43, 19
30, 43, 19
40, 3, 62
28, 43, 19
39, 42, 19
41, 3, 62
37, 42, 19
29, 42, 19
47, 3, 62
27, 42, 19
39, 41, 19
34, 4, 62
37, 41, 19
28, 41, 19
27, 41, 19
39, 40, 19
35, 4, 62
36, 4, 62
36, 40, 19
28, 40, 19
27, 40, 19
38, 39, 19
43, 4, 62
36, 39, 19
38, 38, 19
44, 4, 62
36, 38, 19
37, 37, 19
45, 4, 62
35, 37, 19
37, 36, 19
36, 36, 19
35, 36, 19
53, 23, 19
52, 23, 19
56, 22, 19
55, 22, 19
54, 22, 19
46, 4, 62
47, 4, 62
51, 22, 19
50, 22, 19
49, 22, 19
56, 21, 19
31, 5, 62
32, 5, 62
33, 5, 62
48, 21, 19
57, 20, 19
39, 5, 62
40, 5, 62
48, 20, 19
56, 19, 19
41, 5, 62
48, 19, 19
56, 18, 19
42, 5, 62
30, 6, 62
49, 18, 19
48, 18, 19
55, 17, 19
54, 17, 19
53, 17, 19
52, 17, 19
51, 17, 19
50, 17, 19
33, 55, 18
34, 54, 18
33, 54, 18
34, 53, 18
31, 6, 62
32, 53, 18
42, 52, 18
33, 52, 18
32, 52, 18
43, 51, 18
32, 6, 62
41, 51, 18
33, 51, 18
34, 6, 62
31, 51, 18
43, 50, 18
40, 6, 62
41, 50, 18
32, 50, 18
31, 50, 18
43, 49, 18
41, 6, 62
42, 6, 62
40, 49, 18
32, 49, 18
31, 49, 18
42, 48, 18
43, 6, 62
40, 48, 18
32, 48, 18
28, 7, 62
30, 48, 18
42, 47, 18
29, 7, 62
40, 47, 18
31, 47, 18
30, 47, 18
41, 46, 18
40, 46, 18
31, 46, 18
30, 7, 62
29, 46, 18
41, 45, 18
42, 7, 62
39, 45, 18
30, 45, 18
29, 45, 18
41, 44, 18
43, 7, 62
39, 44, 18
30, 44, 18
44, 7, 62
28, 44, 18
40, 43, 18
27, 8, 62
38, 43, 18
29, 43, 18
28, 43, 18
40, 42, 18
28, 8, 62
38, 42, 18
29, 42, 18
29, 8, 62
27, 42, 18
40, 41, 18
30, 8, 62
38, 41, 18
28, 41, 18
27, 41, 18
39, 40, 18
42, 8, 62
37, 40, 18
28, 40, 18
27, 40, 18
39, 39, 18
43, 8, 62
37, 39, 18
39, 38, 18
44, 8, 62
45, 8, 62
36, 38, 18
38, 37, 18
26, 9, 62
36, 37, 18
38, 36, 18
37, 36, 18
36, 36, 18
52, 23, 18
51, 23, 18
55, 22, 18
54, 22, 18
53, 22, 18
27, 9, 62
28, 9, 62
50, 22, 18
49, 22, 18
48, 22, 18
56, 21, 18
29, 9, 62
30, 9, 62
41, 9, 62
42, 9, 62
47, 21, 18
56, 20, 18
43, 9, 62
44, 9, 62
47, 20, 18
56, 19, 18
45, 9, 62
27, 10, 62
47, 19, 18
55, 18, 18
28, 10, 62
29, 10, 62
30, 10, 62
47, 18, 18
55, 17, 18
54, 17, 18
53, 17, 18
52, 17, 18
51, 17, 18
50, 17, 18
49, 17, 18
48, 17, 18
34, 54, 17
33, 54, 17
32, 54, 17
33, 53, 17
32, 53, 17
33, 52, 17
32, 52, 17
43, 51, 17
42, 51, 17
33, 51, 17
31, 10, 62
31, 51, 17
44, 50, 17
39, 10, 62
42, 50, 17
32, 50, 17
31, 50, 17
43, 49, 17
40, 10, 62
41, 49, 17
32, 49, 17
41, 10, 62
30, 49, 17
43, 48, 17
42, 10, 62
41, 48, 17
31, 48, 17
30, 48, 17
43, 47, 17
43, 10, 62
41, 47, 17
31, 47, 17
44, 10, 62
29, 47, 17
42, 46, 17
30, 11, 62
40, 46, 17
31, 46, 17
31, 11, 62
29, 46, 17
42, 45, 17
32, 11, 62
40, 45, 17
30, 45, 17
29, 45, 17
42, 44, 17
33, 11, 62
40, 44, 17
30, 44, 17
34, 11, 62
28, 44, 17
41, 43, 17
42, 11, 62
39, 43, 17
29, 43, 17
43, 11, 62
27, 43, 17
41, 42, 17
44, 11, 62
39, 42, 17
29, 42, 17
45, 11, 62
27, 42, 17
40, 41, 17
35, 12, 62
38, 41, 17
28, 41, 17
36, 12, 62
26, 41, 17
40, 40, 17
37, 12, 62
38, 40, 17
27, 40, 17
40, 39, 17
38, 12, 62
38, 39, 17
39, 38, 17
39, 12, 62
37, 38, 17
39, 37, 17
46, 12, 62
37, 37, 17
39, 36, 17
38, 36, 17
37, 36, 17
54, 22, 17
53, 22, 17
52, 22, 17
51, 22, 17
50, 22, 17
49, 22, 17
48, 22, 17
47, 22, 17
55, 21, 17
54, 21, 17
47, 12, 62
40, 13, 62
41, 13, 62
46, 21, 17
55, 20, 17
42, 13, 62
43, 13, 62
46, 20, 17
45, 20, 17
55, 19, 17
47, 13, 62
44, 14, 62
46, 19, 17
45, 19, 17
55, 18, 17
45, 14, 62
46, 14, 62
47, 14, 62
46, 0, 63
46, 18, 17
54, 17, 17
53, 17, 17
52, 17, 17
51, 17, 17
50, 17, 17
49, 17, 17
48, 17, 17
47, 17, 17
33, 54, 16
32, 54, 16
33, 53, 16
32, 53, 16
33, 52, 16
47, 0, 63
31, 52, 16
43, 51, 16
32, 51, 16
31, 51, 16
44, 50, 16
42, 1, 63
42, 50, 16
32, 50, 16
31, 50, 16
44, 49, 16
43, 1, 63
42, 49, 16
32, 49, 16
44, 1, 63
30, 49, 16
44, 48, 16
45, 1, 63
42, 48, 16
31, 48, 16
30, 48, 16
43, 47, 16
46, 1, 63
41, 47, 16
31, 47, 16
47, 1, 63
29, 47, 16
43, 46, 16
37, 2, 63
41, 46, 16
30, 46, 16
29, 46, 16
43, 45, 16
38, 2, 63
41, 45, 16
30, 45, 16
39, 2, 63
28, 45, 16
42, 44, 16
40, 2, 63
40, 44, 16
29, 44, 16
28, 44, 16
42, 43, 16
41, 2, 63
40, 43, 16
29, 43, 16
47, 2, 63
27, 43, 16
42, 42, 16
35, 3, 63
40, 42, 16
28, 42, 16
27, 42, 16
41, 41, 16
36, 3, 63
39, 41, 16
28, 41, 16
44, 3, 63
26, 41, 16
41, 40, 16
45, 3, 63
39, 40, 16
27, 40, 16
41, 39, 16
46, 3, 63
47, 3, 63
38, 39, 16
40, 38, 16
34, 4, 63
38, 38, 16
40, 37, 16
39, 4, 63
38, 37, 16
39, 36, 16
38, 36, 16
53, 22, 16
52, 22, 16
51, 22, 16
50, 22, 16
49, 22, 16
48, 22, 16
47, 22, 16
46, 22, 16
53, 21, 16
40, 4, 63
41, 4, 63
42, 4, 63
45, 21, 16
54, 20, 16
43, 4, 63
34, 5, 63
35, 5, 63
44, 20, 16
54, 19, 16
36, 5, 63
37, 5, 63
38, 5, 63
44, 19, 16
54, 18, 16
33, 6, 63
35, 6, 63
36, 6, 63
45, 18, 16
44, 18, 16
53, 17, 16
52, 17, 16
51, 17, 16
50, 17, 16
49, 17, 16
48, 17, 16
47, 17, 16
46, 17, 16
33, 54, 15
32, 54, 15
33, 53, 15
32, 53, 15
33, 52, 15
37, 6, 63
31, 52, 15
32, 51, 15
31, 51, 15
44, 50, 15
43, 50, 15
32, 50, 15
38, 6, 63
30, 50, 15
44, 49, 15
43, 49, 15
31, 49, 15
30, 49, 15
44, 48, 15
39, 6, 63
42, 48, 15
31, 48, 15
30, 48, 15
44, 47, 15
43, 47, 15
42, 47, 15
31, 47, 15
31, 7, 63
29, 47, 15
43, 46, 15
42, 46, 15
30, 46, 15
29, 46, 15
43, 45, 15
42, 45, 15
41, 45, 15
30, 45, 15
32, 7, 63
28, 45, 15
43, 44, 15
42, 44, 15
41, 44, 15
29, 44, 15
28, 44, 15
42, 43, 15
41, 43, 15
29, 43, 15
33, 7, 63
27, 43, 15
42, 42, 15
41, 42, 15
40, 42, 15
28, 42, 15
27, 42, 15
42, 41, 15
41, 41, 15
40, 41, 15
28, 41, 15
34, 7, 63
26, 41, 15
41, 40, 15
40, 40, 15
27, 40, 15
40, 39, 15
39, 39, 15
40, 38, 15
39, 38, 15
39, 37, 15
38, 37, 15
51, 22, 15
50, 22, 15
49, 22, 15
48, 22, 15
47, 22, 15
46, 22, 15
45, 22, 15
53, 21, 15
52, 21, 15
35, 7, 63
36, 7, 63
37, 7, 63
44, 21, 15
53, 20, 15
38, 7, 63
39, 7, 63
43, 20, 15
53, 19, 15
40, 7, 63
41, 7, 63
43, 19, 15
53, 18, 15
52, 18, 15
31, 8, 63
32, 8, 63
33, 8, 63
43, 18, 15
51, 17, 15
50, 17, 15
49, 17, 15
48, 17, 15
47, 17, 15
46, 17, 15
45, 17, 15
44, 17, 15
43, 17, 15
33, 54, 14
32, 54, 14
33, 53, 14
34, 8, 63
31, 53, 14
32, 52, 14
31, 52, 14
32, 51, 14
31, 51, 14
32, 50, 14
35, 8, 63
30, 50, 14
44, 49, 14
43, 49, 14
31, 49, 14
30, 49, 14
43, 48, 14
31, 48, 14
36, 8, 63
29, 48, 14
30, 47, 14
29, 47, 14
30, 46, 14
37, 8, 63
28, 46, 14
30, 45, 14
38, 8, 63
28, 45, 14
29, 44, 14
39, 8, 63
27, 44, 14
29, 43, 14
40, 8, 63
27, 43, 14
28, 42, 14
41, 8, 63
26, 42, 14
27, 41, 14
26, 41, 14
27, 40, 14
26, 40, 14
50, 22, 14
49, 22, 14
48, 22, 14
47, 22, 14
46, 22, 14
45, 22, 14
51, 21, 14
31, 9, 63
32, 9, 63
33, 9, 63
44, 21, 14
43, 21, 14
52, 20, 14
51, 20, 14
34, 9, 63
35, 9, 63
42, 20, 14
52, 19, 14
36, 9, 63
37, 9, 63
38, 9, 63
42, 19, 14
41, 19, 14
51, 18, 14
39, 9, 63
40, 9, 63
42, 18, 14
41, 18, 14
50, 17, 14
49, 17, 14
48, 17, 14
32, 10, 63
33, 10, 63
34, 10, 63
44, 17, 14
43, 17, 14
42, 17, 14
41, 17, 14
47, 16, 14
46, 16, 14
45, 16, 14
32, 54, 13
31, 54, 13
33, 53, 13
35, 10, 63
31, 53, 13
32, 52, 13
31, 52, 13
32, 51, 13
36, 10, 63
30, 51, 13
31, 50, 13
30, 50, 13
31, 49, 13
30, 49, 13
31, 48, 13
37, 10, 63
29, 48, 13
30, 47, 13
29, 47, 13
30, 46, 13
38, 10, 63
28, 46, 13
29, 45, 13
28, 45, 13
29, 44, 13
34, 11, 63
27, 44, 13
28, 43, 13
27, 43, 13
28, 42, 13
27, 42, 13
26, 42, 13
27, 41, 13
26, 41, 13
49, 22, 13
48, 22, 13
47, 22, 13
46, 22, 13
45, 22, 13
44, 22, 13
50, 21, 13
49, 21, 13
37, 11, 63
38, 11, 63
39, 11, 63
43, 21, 13
42, 21, 13
41, 21, 13
50, 20, 13
40, 11, 63
41, 11, 63
41, 20, 13
40, 20, 13
51, 19, 13
50, 19, 13
35, 12, 63
42, 12, 63
40, 19, 13
39, 19, 13
38, 19, 13
50, 18, 13
43, 12, 63
44, 12, 63
45, 12, 63
40, 18, 13
39, 18, 13
38, 18, 13
49, 17, 13
48, 17, 13
47, 17, 13
35, 13, 63
36, 13, 63
37, 13, 63
38, 13, 63
39, 13, 63
46, 13, 63
40, 17, 13
39, 17, 13
38, 17, 13
46, 16, 13
45, 16, 13
44, 16, 13
43, 16, 13
42, 16, 13
41, 16, 13
39, 16, 13
32, 54, 12
32, 53, 12
31, 53, 12
32, 52, 12
31, 52, 12
32, 51, 12
31, 51, 12
30, 51, 12
31, 50, 12
30, 50, 12
31, 49, 12
30, 49, 12
30, 48, 12
29, 48, 12
30, 47, 12
29, 47, 12
30, 46, 12
29, 46, 12
28, 46, 12
29, 45, 12
28, 45, 12
29, 44, 12
28, 44, 12
28, 43, 12
27, 43, 12
44, 22, 12
48, 21, 12
47, 21, 12
46, 21, 12
45, 21, 12
47, 13, 63
43, 21, 12
42, 21, 12
41, 21, 12
40, 21, 12
49, 20, 12
48, 20, 12
40, 14, 63
41, 14, 63
42, 14, 63
39, 20, 12
38, 20, 12
37, 20, 12
49, 19, 12
43, 14, 63
47, 14, 63
44, 15, 63
45, 15, 63
37, 19, 12
36, 19, 12
49, 18, 12
48, 18, 12
46, 15, 63
47, 15, 63
41, 0, 64
37, 18, 12
36, 18, 12
35, 18, 12
48, 17, 12
47, 17, 12
46, 17, 12
42, 0, 64
43, 0, 64
44, 0, 64
45, 0, 64
46, 0, 64
47, 0, 64
37, 17, 12
36, 17, 12
35, 17, 12
45, 16, 12
44, 16, 12
43, 16, 12
42, 16, 12
41, 16, 12
40, 16, 12
39, 16, 12
38, 16, 12
37, 16, 12
36, 16, 12
35, 16, 12
34, 16, 12
36, 15, 12
35, 15, 12
34, 15, 12
33, 15, 12
32, 15, 12
34, 14, 12
33, 14, 12
32, 14, 12
31, 14, 12
30, 14, 12
29, 14, 12
31, 13, 12
30, 13, 12
29, 13, 12
28, 13, 12
27, 13, 12
29, 12, 12
28, 12, 12
27, 12, 12
26, 12, 12
25, 12, 12
24, 12, 12
26, 11, 12
25, 11, 12
24, 11, 12
47, 21, 11
46, 21, 11
45, 21, 11
44, 21, 11
43, 21, 11
42, 21, 11
41, 21, 11
40, 21, 11
39, 21, 11
38, 21, 11
47, 20, 11
37, 1, 64
38, 1, 64
39, 1, 64
40, 1, 64
41, 1, 64
37, 20, 11
36, 20, 11
48, 19, 11
47, 19, 11
47, 1, 64
35, 2, 64
36, 2, 64
44, 2, 64
45, 2, 64
35, 19, 11
47, 18, 11
46, 2, 64
47, 2, 64
35, 3, 64
39, 3, 64
40, 3, 64
41, 3, 64
34, 18, 11
33, 18, 11
46, 17, 11
45, 17, 11
42, 3, 64
43, 3, 64
35, 4, 64
36, 4, 64
37, 4, 64
38, 4, 64
35, 11, 64
34, 17, 11
33, 17, 11
44, 16, 11
43, 16, 11
42, 16, 11
41, 16, 11
36, 11, 64
35, 12, 64
37, 12, 64
38, 12, 64
39, 12, 64
40, 12, 64
41, 12, 64
33, 16, 11
40, 15, 11
39, 15, 11
38, 15, 11
37, 15, 11
36, 15, 11
35, 15, 11
35, 13, 64
42, 13, 64
32, 15, 11
31, 15, 11
30, 15, 11
34, 14, 11
33, 14, 11
32, 14, 11
43, 13, 64
44, 13, 64
29, 14, 11
28, 14, 11
31, 13, 11
30, 13, 11
45, 13, 64
46, 13, 64
27, 13, 11
26, 13, 11
25, 13, 11
29, 12, 11
28, 12, 11
27, 12, 11
36, 14, 64
37, 14, 64
24, 12, 11
26, 11, 11
25, 11, 11
24, 11, 11
44, 21, 10
43, 21, 10
42, 21, 10
41, 21, 10
40, 21, 10
39, 21, 10
38, 21, 10
46, 20, 10
45, 20, 10
44, 20, 10
38, 14, 64
39, 14, 64
40, 14, 64
47, 14, 64
41, 15, 64
42, 15, 64
37, 20, 10
36, 20, 10
46, 19, 10
45, 19, 10
43, 15, 64
44, 15, 64
47, 15, 64
45, 16, 64
46, 16, 64
35, 19, 10
34, 19, 10
46, 18, 10
45, 18, 10
37, 0, 65
38, 0, 65
39, 0, 65
40, 0, 65
33, 18, 10
32, 18, 10
45, 17, 10
44, 17, 10
41, 0, 65
42, 0, 65
43, 0, 65
44, 0, 65
32, 17, 10
31, 17, 10
43, 16, 10
42, 16, 10
41, 16, 10
45, 0, 65
46, 0, 65
47, 0, 65
36, 1, 65
43, 1, 65
32, 16, 10
31, 16, 10
40, 15, 10
39, 15, 10
38, 15, 10
37, 15, 10
36, 15, 10
35, 15, 10
34, 15, 10
33, 15, 10
44, 1, 65
45, 1, 65
30, 15, 10
29, 15, 10
32, 14, 10
31, 14, 10
46, 1, 65
47, 1, 65
28, 14, 10
27, 14, 10
26, 14, 10
30, 13, 10
29, 13, 10
28, 13, 10
35, 2, 65
39, 2, 65
25, 13, 10
27, 12, 10
26, 12, 10
25, 12, 10
25, 11, 10
43, 20, 9
42, 20, 9
41, 20, 9
40, 20, 9
39, 20, 9
38, 20, 9
37, 20, 9
36, 20, 9
35, 20, 9
44, 19, 9
43, 19, 9
42, 19, 9
40, 2, 65
41, 2, 65
42, 2, 65
43, 2, 65
35, 3, 65
34, 19, 9
33, 19, 9
44, 18, 9
43, 18, 9
42, 18, 9
36, 3, 65
37, 3, 65
38, 3, 65
32, 18, 9
31, 18, 9
43, 17, 9
42, 17, 9
36, 12, 65
35, 13, 65
37, 13, 65
38, 13, 65
30, 17, 9
29, 17, 9
42, 16, 9
41, 16, 9
40, 16, 9
39, 13, 65
40, 13, 65
41, 13, 65
36, 14, 65
30, 16, 9
29, 16, 9
39, 15, 9
38, 15, 9
37, 15, 9
36, 15, 9
35, 15, 9
34, 15, 9
33, 15, 9
32, 15, 9
42, 14, 65
43, 14, 65
44, 14, 65
28, 15, 9
27, 15, 9
31, 14, 9
30, 14, 9
45, 14, 65
46, 14, 65
36, 15, 65
26, 14, 9
29, 13, 9
28, 13, 9
27, 13, 9
37, 15, 65
25, 13, 9
26, 12, 9
40, 20, 8
39, 20, 8
38, 20, 8
37, 20, 8
41, 19, 8
40, 19, 8
39, 19, 8
38, 15, 65
39, 15, 65
36, 19, 8
35, 19, 8
34, 19, 8
33, 19, 8
41, 18, 8
40, 18, 8
40, 15, 65
46, 15, 65
47, 15, 65
41, 16, 65
42, 16, 65
32, 18, 8
31, 18, 8
30, 18, 8
41, 17, 8
40, 17, 8
39, 17, 8
43, 16, 65
44, 16, 65
29, 17, 8
28, 17, 8
40, 16, 8
39, 16, 8
38, 16, 8
45, 16, 65
46, 16, 65
36, 0, 66
37, 0, 66
28, 16, 8
27, 16, 8
38, 15, 8
37, 15, 8
36, 15, 8
35, 15, 8
34, 15, 8
33, 15, 8
38, 0, 66
39, 0, 66
40, 0, 66
41, 0, 66
42, 0, 66
27, 15, 8
32, 14, 8
31, 14, 8
30, 14, 8
29, 14, 8
28, 14, 8
43, 0, 66
26, 14, 8
27, 13, 8
26, 13, 8
38, 19, 7
37, 19, 7
36, 19, 7
35, 19, 7
34, 19, 7
39, 18, 7
38, 18, 7
37, 18, 7
44, 0, 66
45, 0, 66
36, 1, 66
33, 18, 7
32, 18, 7
31, 18, 7
30, 18, 7
38, 17, 7
37, 17, 7
36, 17, 7
35, 17, 7
39, 1, 66
40, 1, 66
41, 1, 66
42, 1, 66
36, 2, 66
29, 17, 7
28, 17, 7
27, 17, 7
37, 16, 7
36, 16, 7
35, 16, 7
34, 16, 7
37, 2, 66
38, 2, 66
36, 13, 66
37, 13, 66
36, 14, 66
38, 14, 66
26, 16, 7
25, 16, 7
35, 15, 7
34, 15, 7
33, 15, 7
32, 15, 7
39, 14, 66
40, 14, 66
41, 14, 66
36, 15, 66
41, 15, 66
26, 15, 7
25, 15, 7
31, 14, 7
30, 14, 7
29, 14, 7
28, 14, 7
27, 14, 7
26, 14, 7
25, 14, 7
36, 19, 6
35, 19, 6
34, 19, 6
33, 19, 6
36, 18, 6
35, 18, 6
42, 15, 66
43, 15, 66
32, 18, 6
31, 18, 6
30, 18, 6
34, 17, 6
33, 17, 6
44, 15, 66
45, 15, 66
37, 16, 66
29, 17, 6
28, 17, 6
27, 17, 6
33, 16, 6
32, 16, 6
31, 16, 6
38, 16, 66
39, 16, 66
40, 16, 66
41, 16, 66
26, 16, 6
25, 16, 6
24, 16, 6
32, 15, 6
31, 15, 6
30, 15, 6
29, 15, 6
42, 16, 66
43, 16, 66
44, 16, 66
24, 15, 6
23, 15, 6
29, 14, 6
28, 14, 6
27, 14, 6
26, 14, 6
25, 14, 6
24, 14, 6
23, 14, 6
35, 19, 5
34, 19, 5
33, 19, 5
32, 19, 5
31, 19, 5
35, 18, 5
34, 18, 5
33, 18, 5
37, 0, 67
38, 0, 67
30, 18, 5
29, 18, 5
32, 17, 5
31, 17, 5
39, 0, 67
40, 0, 67
28, 17, 5
27, 17, 5
30, 16, 5
29, 16, 5
37, 1, 67
38, 1, 67
26, 16, 5
25, 16, 5
28, 15, 5
27, 15, 5
26, 15, 5
25, 15, 5
24, 15, 5
23, 15, 5
26, 14, 5
25, 14, 5
24, 14, 5
23, 14, 5
33, 19, 4
32, 19, 4
31, 19, 4
30, 19, 4
33, 18, 4
32, 18, 4
37, 14, 67
36, 15, 67
29, 18, 4
28, 18, 4
27, 18, 4
31, 17, 4
30, 17, 4
37, 15, 67
38, 15, 67
27, 17, 4
29, 16, 4
28, 16, 4
27, 16, 4
32, 19, 3
31, 19, 3
30, 19, 3
29, 19, 3
28, 19, 3
32, 18, 3
31, 18, 3
30, 18, 3
39, 15, 67
40, 15, 67
27, 18, 3
29, 17, 3
28, 17, 3
37, 16, 67
26, 17, 3
27, 16, 3
30, 19, 2
29, 19, 2
28, 19, 2
27, 19, 2
30, 18, 2
29, 18, 2
38, 16, 67
39, 16, 67
26, 18, 2
28, 17, 2
27, 17, 2
26, 17, 2
29, 19, 1
28, 19, 1
27, 19, 1
26, 19, 1
29, 18, 1
28, 18, 1
27, 18, 1
26, 18, 1
28, 19, 0
27, 19, 0
26, 19, 0
27, 18, 0
26, 18, 0,